0.9107182621955872
0.4952571988105774
0.44297075271606445
0.07058931142091751
0.8201940655708313
0.9812226295471191
0.3726174235343933
0.5671824812889099
0.45229971408843994
0.8052675724029541
0.3225511610507965
0.4938814640045166
0.9823839068412781
0.9511758089065552
0.6471512913703918
0.6366539001464844
0.42513307929039
0.8597737550735474
0.4375070035457611
0.8418211340904236
0.6700854897499084
0.6513937711715698
0.41247501969337463
0.0009170051198452711
0.2644331753253937
0.5104543566703796
0.7906553149223328
0.1549721658229828
0.5684384703636169
0.23449063301086426
0.5295587778091431
0.5598344802856445
0.7201410531997681
0.18634119629859924
0.4468430280685425
0.39558467268943787
0.3873077929019928
0.6154788136482239
0.3428221344947815
0.35308319330215454
0.8551410436630249
0.21469493210315704
0.5911665558815002
0.6080148220062256
0.94541996717453
0.05004051327705383
0.3711140751838684
0.3630884885787964
0.717579185962677
0.16304677724838257
0.6387130618095398
0.6010968685150146
0.5248095989227295
0.2560562789440155
0.90833580493927
0.7322546243667603
0.38943105936050415
0.9254711866378784
0.499333918094635
0.18224190175533295
0.02585425227880478
0.09286462515592575
0.9113304018974304
0.25880610942840576
0.5600886344909668
0.9868927597999573
0.2232639342546463
0.9007937908172607
0.15147338807582855
0.4257967472076416
0.20695248246192932
0.4606838524341583
0.2323894053697586
0.05322045832872391
0.03632679581642151
0.9630674719810486
0.3035801947116852
0.5526523590087891
0.027595622465014458
0.849159836769104
0.392551451921463
0.14495845139026642
0.28900808095932007
0.7375638484954834
0.3809394836425781
0.24959254264831543
0.44990241527557373
0.4317947030067444
0.013410674408078194
0.04745660722255707
0.8900595307350159
0.5194971561431885
0.25470277667045593
0.5025507807731628
0.9662537574768066
0.7566905617713928
0.9934779405593872
0.7346241474151611
0.3032818138599396
0.7191397547721863
0.2872549593448639
0.7898766994476318
0.1042473241686821
0.16138231754302979
0.43521803617477417
0.4431452453136444
0.30403316020965576
0.8168054819107056
0.2623239755630493
0.937181293964386
0.3930955231189728
0.04666479304432869
0.756443202495575
0.38844501972198486
0.8051912784576416
0.47516220808029175
0.7416824698448181
0.3450978100299835
0.5572630763053894
0.4813160300254822
0.549871027469635
0.2914024591445923
0.14476890861988068
0.01406834740191698
0.6745921969413757
0.4631780982017517
0.7053945064544678
0.17925520241260529
0.3649434447288513
0.6552411913871765
0.9695398211479187
0.25652945041656494
0.01236880011856556
0.43774858117103577
0.8900191187858582
0.38220372796058655
0.9175917506217957
0.8619545102119446
0.6229451894760132
0.8341765999794006
0.6606996655464172
0.47382962703704834
0.5780093669891357
0.4519818127155304
0.12653115391731262
0.24420103430747986
0.8589149713516235
0.7024410367012024
0.41294702887535095
0.2519787549972534
0.08657391369342804
0.2645427882671356
0.5120591521263123
0.5237442255020142
0.6749826669692993
0.00893216859549284
0.3111189901828766
0.4405042827129364
0.8581798672676086
0.47943994402885437
0.1552235633134842
0.47596806287765503
0.683349072933197
0.3341192603111267
0.12160927802324295
0.37088659405708313
0.4214915633201599
0.08543204516172409
0.04649142920970917
0.8442686796188354
0.25449255108833313
0.0340779684484005
0.19451290369033813
0.15996471047401428
0.7362679243087769
0.5870291590690613
0.24485409259796143
0.7229487299919128
0.22565768659114838
0.6284278631210327
0.2629616856575012
0.48182815313339233
0.38634347915649414
0.19874988496303558
0.46308284997940063
0.5902517437934875
0.4775022268295288
0.09527980536222458
0.11188169568777084
0.37102779746055603
0.9248937368392944
0.45324501395225525
0.5885570645332336
0.35930338501930237
0.04018205776810646
0.811242938041687
0.3384469449520111
0.38282084465026855
0.9883537292480469
0.10393225401639938
0.4704415500164032
0.2369394302368164
0.34603381156921387
0.5427144169807434
0.08679530024528503
0.01339759025722742
0.6869466304779053
0.6668663620948792
0.45736122131347656
0.09552251547574997
0.7094769477844238
0.5280505418777466
0.05582261085510254
0.18494606018066406
0.7875289916992188
0.4138413667678833
0.3315824866294861
0.35729867219924927
0.822125256061554
0.4578167200088501
0.6186735033988953
0.22267018258571625
0.9672813415527344
0.81382817029953
0.3470613360404968
0.2702982425689697
0.7623879909515381
0.1273535043001175
0.5981584787368774
0.9937101006507874
0.4980568587779999
0.5283678770065308
0.30716681480407715
0.5288130640983582
0.8607608675956726
0.5725467801094055
0.010864260606467724
0.16137924790382385
0.12202650308609009
0.7605629563331604
0.6704057455062866
0.9313732981681824
0.33510375022888184
0.15752072632312775
0.13860741257667542
0.6434603929519653
0.4264339804649353
0.7308991551399231
0.9915923476219177
0.062198612838983536
0.40787920355796814
0.5005313158035278
0.8250219821929932
0.5800210237503052
0.070977583527565
0.6974552869796753
0.5925636887550354
0.8380617499351501
0.7034914493560791
0.06312409788370132
0.3443903923034668
0.6003352403640747
0.7725176811218262
0.9468424916267395
0.8988952040672302
0.20708294212818146
0.027029460296034813
0.27312520146369934
0.745215654373169
0.5526365637779236
0.9922780394554138
0.3127932846546173
0.8183628916740417
0.8097495436668396
0.12612731754779816
0.7092064023017883
0.11759267747402191
0.10899540036916733
0.9155758023262024
0.4740809202194214
0.03709865361452103
0.7431688904762268
0.022364964708685875
0.8027696013450623
0.43212926387786865
0.66472327709198
0.3549885153770447
0.7476958632469177
0.16030216217041016
0.632179319858551
0.353005051612854
0.5454991459846497
0.005280751734972
0.7831958532333374
0.006538016255944967
0.6904443502426147
0.8835893869400024
0.05772479623556137
0.3973982036113739
0.430794358253479
0.989892303943634
0.7158803343772888
0.5367166996002197
0.6327338814735413
0.4691997468471527
0.9833371639251709
0.9151843190193176
0.8582444190979004
0.27997371554374695
0.3316452205181122
0.5260176658630371
0.8683550953865051
0.8337480425834656
0.49567312002182007
0.20560410618782043
0.0706184059381485
0.1764574497938156
0.057023193687200546
0.16474482417106628
0.9436194896697998
0.43341493606567383
0.3776991665363312
0.6552909016609192
0.9839814305305481
0.266994446516037
0.7672216892242432
0.13887283205986023
0.7537118196487427
0.21553191542625427
0.2475447654724121
0.8909569382667542
0.7742831707000732
0.8120328187942505
0.8541551828384399
0.6413702964782715
0.29059943556785583
0.4367835521697998
0.7211995124816895
0.23926851153373718
0.7379159927368164
0.22728684544563293
0.8426172137260437
0.9479995965957642
0.4537390470504761
0.010920810513198376
0.8212386965751648
0.971548855304718
0.17540693283081055
0.3873189389705658
0.10507100075483322
0.009826245717704296
0.29909682273864746
0.8942280411720276
0.29147982597351074
0.41597700119018555
0.7414116859436035
0.5317860245704651
0.9873704314231873
0.16344471275806427
0.6360034942626953
0.7937285900115967
0.1896483302116394
0.09304159134626389
0.5755104422569275
0.674260139465332
0.8220586180686951
0.7532359957695007
0.7049283981323242
0.010280787944793701
0.1448436826467514
0.905998170375824
0.8923771381378174
0.9171019792556763
0.16489410400390625
0.5214420557022095
0.30872103571891785
0.4943925440311432
0.8333343863487244
0.22569504380226135
0.3497034013271332
0.7041860222816467
0.07743784785270691
0.7491201758384705
0.5141909122467041
0.8806499242782593
0.9232685565948486
0.9403960108757019
0.5878897309303284
0.8779326677322388
0.2810109853744507
0.282697468996048
0.08654306828975677
0.7617692351341248
0.3647814989089966
0.4246304929256439
0.4704315662384033
0.21531295776367188
0.3961470127105713
0.7384040951728821
0.024260999634861946
0.031723909080028534
0.3794124722480774
0.3386242687702179
0.6370123028755188
0.5905077457427979
0.39911481738090515
0.04940539598464966
0.7272050380706787
0.7536996006965637
0.9047890305519104
0.5224465727806091
0.32810893654823303
0.832354724407196
0.018261872231960297
0.5913490653038025
0.21197624504566193
0.8696005344390869
0.821970522403717
0.781218945980072
0.8307058215141296
0.5394932627677917
0.6773661375045776
0.44013482332229614
0.8240809440612793
0.016799703240394592
0.30007001757621765
0.6459357738494873
0.6951887011528015
0.7212396264076233
0.6950297355651855
0.2824459969997406
0.2303677499294281
0.9297427535057068
0.5159334540367126
0.7996947765350342
0.7427845597267151
0.896589457988739
0.36403316259384155
0.040313418954610825
0.7065403461456299
0.014582904987037182
0.6526705622673035
0.29330506920814514
0.27869901061058044
0.44725364446640015
0.19799242913722992
0.6426733136177063
0.2398991584777832
0.3817058503627777
0.3770023286342621
0.6977227330207825
0.3954681158065796
0.4301432967185974
0.04783119633793831
0.9337149858474731
0.8802337646484375
0.5707575082778931
0.19256478548049927
0.29407280683517456
0.03471178933978081
0.7064884901046753
0.158338725566864
0.3165866732597351
0.9667938947677612
0.6743384599685669
0.9616727232933044
0.22270287573337555
0.1313558667898178
0.8533470034599304
0.847754180431366
0.7434173822402954
0.5713485479354858
0.8168127536773682
0.5422648191452026
0.8585081696510315
0.42264848947525024
0.9899231195449829
0.8550933599472046
0.2768937051296234
0.23468630015850067
0.9166849255561829
0.16654014587402344
0.3873825669288635
0.9391953945159912
0.23726952075958252
0.8188344240188599
0.5104829668998718
0.816382646560669
0.3584299385547638
0.1830541491508484
0.7817453145980835
0.833979606628418
0.5734675526618958
0.8257203102111816
0.9671472907066345
0.031138990074396133
0.594305694103241
0.568878173828125
0.14967972040176392
0.8901500701904297
0.7413889169692993
0.2024199366569519
0.27252811193466187
0.4752384126186371
0.6908230781555176
0.37812867760658264
0.8611472249031067
0.34651899337768555
0.28529542684555054
0.8220378756523132
0.8509052991867065
0.16042278707027435
0.6747313737869263
0.38310718536376953
0.007090597879141569
0.48303282260894775
0.3056774139404297
0.9497430324554443
0.3424527645111084
0.5240101218223572
0.5630786418914795
0.3139621317386627
0.3712766468524933
0.5812609195709229
0.7238078117370605
0.013236016035079956
0.4901650547981262
0.49336931109428406
0.0945456251502037
0.8659487962722778
0.44443589448928833
0.18001481890678406
0.5888776779174805
0.7643621563911438
0.8272815346717834
0.5805597305297852
0.22776788473129272
0.9357097744941711
0.47434288263320923
0.7336743474006653
0.7385018467903137
0.5339314341545105
0.9965776205062866
0.6488048434257507
0.130234956741333
0.24104340374469757
0.0854102149605751
0.12839780747890472
0.9314001202583313
0.8411924242973328
0.24058470129966736
0.6763548254966736
0.47884896397590637
0.022702720016241074
0.879363477230072
0.8698508739471436
0.42510029673576355
0.2473238855600357
0.701408863067627
0.6527085304260254
0.6659031510353088
0.2849472463130951
0.9290057420730591
0.3664504289627075
0.9611152410507202
0.3869885802268982
0.9260586500167847
0.902650773525238
0.017156532034277916
0.6457933187484741
0.2852080762386322
0.5184155702590942
0.32616597414016724
0.15369655191898346
0.907695472240448
0.7173654437065125
0.07369521260261536
0.6206863522529602
0.23342488706111908
0.3527270555496216
0.23136389255523682
0.1450740247964859
0.7354775071144104
0.9092371463775635
0.8887194395065308
0.011948932893574238
0.7964918613433838
0.9758369326591492
0.5789053440093994
0.2735207974910736
0.12271713465452194
0.9643091559410095
0.04490383341908455
0.6941162347793579
0.9752677083015442
0.7297385334968567
0.618238627910614
0.07439350336790085
0.9368445873260498
0.432815819978714
0.18414179980754852
0.31889310479164124
0.3452220559120178
0.638630211353302
0.8590025901794434
0.01527681015431881
0.021402012556791306
0.08820656687021255
0.9797534346580505
0.8874108791351318
0.9972158074378967
0.2449534833431244
0.12054827064275742
0.1207151859998703
0.4226996898651123
0.24906760454177856
0.4354238212108612
0.7099284529685974
0.0001719296706141904
0.08078314363956451
0.38058003783226013
0.29053354263305664
0.5474802851676941
0.047760531306266785
0.3432296812534332
0.9901601076126099
0.0863681212067604
0.5869166254997253
0.7078946232795715
0.17050866782665253
0.8918499946594238
0.7128093242645264
0.9070753455162048
0.6046157479286194
0.6697280406951904
0.7240389585494995
0.11924711614847183
0.21258261799812317
0.01928476244211197
0.410043865442276
0.5304360389709473
0.21614962816238403
0.0383373461663723
0.0696016326546669
0.3216814398765564
0.6471710801124573
0.8907874822616577
0.1854534149169922
0.4942472279071808
0.4492604434490204
0.33517178893089294
0.6367188096046448
0.639460027217865
0.051314033567905426
0.36238494515419006
0.8724402189254761
0.292653888463974
0.06612366437911987
0.13719384372234344
0.850479006767273
0.4194727838039398
0.554973840713501
0.04944431781768799
0.33206507563591003
0.7417334318161011
0.8669769763946533
0.8726075887680054
0.6539011001586914
0.7330917716026306
0.6945266127586365
0.4907953143119812
0.499364972114563
0.23067054152488708
0.8407450318336487
0.8692687153816223
0.7223992943763733
0.3916514217853546
0.041812293231487274
0.4458830654621124
0.189451664686203
0.432637482881546
0.02704777754843235
0.1092301458120346
0.15122319757938385
0.7197099328041077
0.7260711789131165
0.2626267671585083
0.8152746558189392
0.37157678604125977
0.36822351813316345
0.36893320083618164
0.19549542665481567
0.11600987613201141
0.6885995268821716
0.5282279253005981
0.9112666249275208
0.6521577835083008
0.035516466945409775
0.8754861950874329
0.40837159752845764
0.7298048138618469
0.6612520217895508
0.7583801746368408
0.7109851241111755
0.873471200466156
0.495422899723053
0.06163141503930092
0.4994041919708252
0.49881118535995483
0.36249470710754395
0.9316944479942322
0.9399930238723755
0.855501651763916
0.31170016527175903
0.4346029460430145
0.8305225372314453
0.1751740276813507
0.7425179481506348
0.9801093935966492
0.057144783437252045
0.716726541519165
0.7083398103713989
0.4246295690536499
0.1493513137102127
0.9606248140335083
0.42112401127815247
0.7732362151145935
0.4990198314189911
0.6755417585372925
0.1460862010717392
0.060741085559129715
0.9061381816864014
0.961721658706665
0.7068344354629517
0.14902479946613312
0.8648146986961365
0.8112876415252686
0.5384693741798401
0.5717517137527466
0.8023073077201843
0.5732176303863525
0.17484021186828613
0.3063984513282776
0.907788097858429
0.6486567854881287
0.9371781945228577
0.29385027289390564
0.7936462759971619
0.7245950102806091
0.9914728999137878
0.32353779673576355
0.3274650573730469
0.39480772614479065
0.24821606278419495
0.8437445163726807
0.5201248526573181
0.4058290123939514
0.18515583872795105
0.3364162743091583
0.5382527709007263
0.2808283269405365
0.36451444029808044
0.7741833329200745
0.1640523374080658
0.43677517771720886
0.3028770983219147
0.01113031804561615
0.06559046357870102
