0.7943771481513977
0.29867130517959595
0.818585216999054
0.9291514158248901
0.5625497102737427
0.2969905138015747
0.7128339409828186
0.4624188244342804
0.9133068323135376
0.9666631817817688
0.7680029273033142
0.9639309644699097
0.19821012020111084
0.5663237571716309
0.6219900250434875
0.0572381317615509
0.5617284774780273
0.36729466915130615
0.31879723072052
0.29570239782333374
0.9426138401031494
0.10027416795492172
0.0052011688239872456
0.886823296546936
0.7660626769065857
0.08159002661705017
0.7397772073745728
0.5377099514007568
0.20323646068572998
0.10107254981994629
0.3417765498161316
0.9755724668502808
0.26337337493896484
0.5755963921546936
0.4123041033744812
0.7876412868499756
0.7923561930656433
0.04129711538553238
0.6324449181556702
0.44950488209724426
0.8757295608520508
0.8703717589378357
0.4810708463191986
0.9424982070922852
0.7845515012741089
0.906697690486908
0.18890628218650818
0.8449335098266602
0.9009220004081726
0.4092628061771393
0.37525907158851624
0.667750895023346
0.057874567806720734
0.5979055166244507
0.7434872984886169
0.875230073928833
0.2548125684261322
0.628049910068512
0.3305296003818512
0.4661101698875427
0.5456977486610413
0.9734413623809814
0.9465051293373108
0.9725672006607056
0.7821975946426392
0.6615021228790283
0.040766555815935135
0.9492383599281311
0.8318586945533752
0.9143049120903015
0.8178343176841736
0.2745845317840576
0.9165107011795044
0.15347276628017426
0.16746021807193756
0.4076346457004547
0.20170781016349792
0.6313185691833496
0.3776046633720398
0.4833512008190155
0.578401505947113
0.599362850189209
0.0977601632475853
0.38111644983291626
0.5421309471130371
0.17379923164844513
0.35154882073402405
0.5730533003807068
0.9137659072875977
0.1985447257757187
0.7708572149276733
0.7769213318824768
0.8223419189453125
0.9892253279685974
0.8469436168670654
0.4719395935535431
0.0692453533411026
0.7799715995788574
0.09590459614992142
0.6670008897781372
0.20952515304088593
0.7432057857513428
0.404014527797699
0.2268313467502594
0.623971700668335
0.21660451591014862
0.6116433143615723
0.45045599341392517
0.4512394070625305
0.45091867446899414
0.8147561550140381
0.7238156199455261
0.6425362229347229
0.15046390891075134
0.594978392124176
0.0652458444237709
0.6789583563804626
0.5886377692222595
0.5402050614356995
0.6853984594345093
0.9760790467262268
0.9697664380073547
0.7938709259033203
0.7932236790657043
0.09709107875823975
0.3679421544075012
0.5432894229888916
0.0333346351981163
0.5710347294807434
0.38890382647514343
0.6916951537132263
0.4418010115623474
0.3305352032184601
0.3035740256309509
0.6949306726455688
0.6791800856590271
0.26797693967819214
0.9710188508033752
0.8192647695541382
0.00950284581631422
0.10110136866569519
0.3636806905269623
0.6486632823944092
0.389041543006897
0.4667409360408783
0.897293210029602
0.06393522024154663
0.8149464130401611
0.6941221356391907
0.04922304302453995
0.7998958230018616
0.6113787889480591
0.27446672320365906
0.6505095958709717
0.5649559497833252
0.3813866078853607
0.9263043403625488
0.43464499711990356
0.6213460564613342
0.8957618474960327
0.5182795524597168
0.10795032978057861
0.9348180294036865
0.7004068493843079
0.6859672665596008
0.2581915557384491
0.11172907054424286
0.07395827770233154
0.5429386496543884
0.2627592086791992
0.2697106897830963
0.21213959157466888
0.7242924571037292
0.28464311361312866
0.25064122676849365
0.6704414486885071
0.8387656211853027
0.6279326677322388
0.6576099991798401
0.9205180406570435
0.3348393142223358
0.9927351474761963
0.322169691324234
0.7790911197662354
0.9100475907325745
0.7850402593612671
0.3055580258369446
0.7636886835098267
0.6432899832725525
0.3592914044857025
0.05772663280367851
0.29340454936027527
0.7632320523262024
0.4844951331615448
0.5236607789993286
0.7491279244422913
0.9406328201293945
0.4291137754917145
0.7483100891113281
0.10649018734693527
0.04602428153157234
0.5666663646697998
0.8267076015472412
0.6666387915611267
0.38124334812164307
0.2885579466819763
0.2955969572067261
0.11723978817462921
0.0792744979262352
0.9295142889022827
0.4115171730518341
0.9224388599395752
0.49017107486724854
0.13534358143806458
0.3817030191421509
0.17185766994953156
0.6615220308303833
0.32545140385627747
0.8298577666282654
0.9298964142799377
0.6019657254219055
0.3682801425457001
0.7495639324188232
0.1886071413755417
0.453267902135849
0.19977106153964996
0.596248984336853
0.14989826083183289
0.05977070704102516
0.827644944190979
0.15720294415950775
0.7078736424446106
0.9282491207122803
0.8021359443664551
0.8361777067184448
0.9950767159461975
0.17729128897190094
0.011304989457130432
0.4514010548591614
0.7755825519561768
0.8365299105644226
0.8226030468940735
0.39043107628822327
0.6978603005409241
0.703031599521637
0.4348084628582001
0.7338363528251648
0.011925819329917431
0.5431861281394958
0.8292056322097778
0.34174609184265137
0.6027922034263611
0.7683160901069641
0.21297045052051544
0.27535760402679443
0.4054274260997772
0.4347328245639801
0.9491629600524902
0.07712896168231964
0.3065429925918579
0.8326612114906311
0.4332493841648102
0.4624961018562317
0.05407534912228584
0.4209926128387451
0.8132050037384033
0.2324775755405426
0.07862821966409683
0.10726817697286606
0.5922496318817139
0.4873955547809601
0.20382677018642426
0.739547610282898
0.11625713109970093
0.8895077705383301
0.028872426599264145
0.8095282912254333
0.702193558216095
0.6024866104125977
0.09759823232889175
0.9735761880874634
0.5313483476638794
0.6971656680107117
0.6565180420875549
0.2150934338569641
0.8019391298294067
0.40868648886680603
0.8432608842849731
0.5995239019393921
0.6988543272018433
0.4811527132987976
0.5852237343788147
0.8690829277038574
0.19760307669639587
0.8852066993713379
0.40631476044654846
0.31762489676475525
0.995843231678009
0.3360414206981659
0.280441552400589
0.12413796037435532
0.8128471970558167
0.4776935577392578
0.32613489031791687
0.8164876103401184
0.20444656908512115
0.6893584728240967
0.6635685563087463
0.218953475356102
0.5351303815841675
0.3970640003681183
0.9796530604362488
0.3338722288608551
0.7544347643852234
0.16276197135448456
0.44531866908073425
0.5451741218566895
0.4565044045448303
0.7532453536987305
0.3889612853527069
0.337801456451416
0.3009171485900879
0.42538005113601685
0.4854069650173187
0.13679629564285278
0.5544874668121338
0.5271598100662231
0.3146874010562897
0.3835822641849518
0.5551121234893799
0.44177502393722534
0.07255339622497559
0.6857315897941589
0.39424508810043335
0.38380923867225647
0.3046964406967163
0.7656214833259583
0.27553680539131165
0.7033454179763794
0.392681360244751
0.6528777480125427
0.03595682233572006
0.6084024310112
0.3640269637107849
0.7760283946990967
0.26464155316352844
0.04133240133523941
0.30098891258239746
0.0633498877286911
0.27673181891441345
0.6233483552932739
0.32731568813323975
0.5461738109588623
0.12325993925333023
0.659078061580658
0.8676934838294983
0.1400545984506607
0.7477912306785583
0.8456904292106628
0.4410831928253174
0.4485512971878052
0.1757446825504303
0.9095873832702637
0.011038889177143574
0.25206395983695984
0.40828797221183777
0.1573771983385086
0.45127612352371216
0.5597317218780518
0.2816813886165619
0.8887831568717957
0.2305477410554886
0.44794371724128723
0.12730999290943146
0.43850409984588623
0.09873176366090775
0.4552614390850067
0.7703864574432373
0.24673105776309967
0.11776568740606308
0.2982558310031891
0.7467488050460815
0.13277487456798553
0.554425835609436
0.45261454582214355
0.005848328582942486
0.09335430711507797
0.8424537777900696
0.4688253402709961
0.034658994525671005
0.1305059939622879
0.8702337741851807
0.21408426761627197
0.7891358137130737
0.7591719031333923
0.5018281936645508
0.18769177794456482
0.19614653289318085
0.8393439650535583
0.2740059196949005
0.8328726291656494
0.8419021368026733
0.8189923167228699
0.2888868451118469
0.32295238971710205
0.19758176803588867
0.4207926392555237
0.30451875925064087
0.5276954174041748
0.5555915832519531
0.6967656016349792
0.2472730427980423
0.5214048027992249
0.15788191556930542
0.3696786165237427
0.5755596160888672
0.5980977416038513
0.719139814376831
0.6275690197944641
0.9397289752960205
0.590951144695282
0.20631830394268036
0.9178858399391174
0.25343647599220276
0.8178120255470276
0.25849035382270813
0.6842916011810303
0.5033820271492004
0.6418250799179077
0.2620444893836975
0.6066985726356506
0.9436906576156616
0.8510646224021912
0.48521074652671814
0.7146012783050537
0.2768119275569916
0.7432038187980652
0.17298837006092072
0.512742280960083
0.596850574016571
0.08803462982177734
0.1588001698255539
0.8923785090446472
0.8553584814071655
0.6656598448753357
0.2678450345993042
0.3208676874637604
0.6445632576942444
0.6880161762237549
0.26816269755363464
0.6221376061439514
0.6340271830558777
0.3606564402580261
0.9740417003631592
0.21952013671398163
0.6039416193962097
0.8292639851570129
0.028532136231660843
0.813085675239563
0.14292411506175995
0.09506571292877197
0.8867621421813965
0.41148045659065247
0.30753952264785767
0.08281190693378448
0.5139214992523193
0.9996809959411621
0.21107302606105804
0.8608637452125549
0.5335460305213928
0.2670539319515228
0.8748377561569214
0.5137187242507935
0.6580114364624023
0.8495277762413025
0.6203815340995789
0.8971379399299622
0.10451220721006393
0.01087813451886177
0.889139711856842
0.4370485842227936
0.6836389303207397
0.6388344168663025
0.17068623006343842
0.9115074276924133
0.7072687149047852
0.40069568157196045
0.7752576470375061
0.5760922431945801
0.5179836750030518
0.8459431529045105
0.8987791538238525
0.8864916563034058
0.8162803053855896
0.5518370270729065
0.9521973729133606
0.05753521993756294
0.6405459642410278
0.2995903491973877
0.6979383826255798
0.23609185218811035
0.26182350516319275
0.6922444701194763
0.2141793966293335
0.7905274033546448
0.23619261384010315
0.9461908340454102
0.2102326601743698
0.3599114716053009
0.42794516682624817
0.44639846682548523
0.767069399356842
0.9022594690322876
0.38756030797958374
0.6178557872772217
0.6883659362792969
0.9701991677284241
0.8885037302970886
0.4064645767211914
0.24220068752765656
0.9239218235015869
0.4732705056667328
0.5827264189720154
0.7781950831413269
0.7544417977333069
0.8033313751220703
0.9947841763496399
0.6181356310844421
0.17305192351341248
0.5381207466125488
0.20312558114528656
0.06772910058498383
0.5677945613861084
0.9769679307937622
0.09884850680828094
0.6644473075866699
0.3854221701622009
0.9025068879127502
0.4668862223625183
0.8489029407501221
0.4598454535007477
0.37223273515701294
0.7150530815124512
0.3242809772491455
0.0018891715444624424
0.5998099446296692
0.7671043872833252
0.5784131288528442
0.3694379925727844
0.14774750173091888
0.3370678722858429
0.6071479320526123
0.5326133966445923
0.2788264751434326
0.6047008633613586
0.321940541267395
0.10896690934896469
0.5867694020271301
0.4551905393600464
0.6813834309577942
0.2994067370891571
0.6384149789810181
0.37949660420417786
0.10839381068944931
0.8474798202514648
0.7379313111305237
0.32701218128204346
0.13190621137619019
0.1544322371482849
0.2135111540555954
0.42017489671707153
0.6710514426231384
0.48170676827430725
0.06570568680763245
0.778106689453125
0.45264625549316406
0.6515794396400452
0.9372172355651855
0.13030673563480377
0.07956022769212723
0.5909184217453003
0.17960762977600098
0.4891684055328369
0.2716761529445648
0.09423787891864777
0.7779543399810791
0.4917903244495392
0.08276107162237167
0.1755257248878479
0.163795605301857
0.2752111256122589
0.4624127447605133
0.8639255166053772
0.7936001420021057
0.9494466781616211
0.20946435630321503
0.6841002702713013
0.6940120458602905
0.06603626161813736
0.4490460157394409
0.7642970085144043
0.2725708782672882
0.19617274403572083
0.5217889547348022
0.6455084681510925
0.1247379332780838
0.5621564984321594
0.45925888419151306
0.848578155040741
0.7345027923583984
0.14333508908748627
0.24936068058013916
0.6000477075576782
0.9344656467437744
0.2933547794818878
0.15037894248962402
0.2338714748620987
0.6697046160697937
0.5001286864280701
0.5765581727027893
0.7413459420204163
0.0867794081568718
0.029178906232118607
0.784922182559967
0.2383430153131485
0.5377479195594788
0.7743622660636902
0.5852763056755066
0.7681213021278381
0.7257604002952576
0.8726471066474915
0.9224851131439209
0.45091938972473145
0.904870867729187
0.08397876471281052
0.6403109431266785
0.7750409245491028
0.43317705392837524
0.6011528968811035
0.7333993911743164
0.5125444531440735
0.42874374985694885
0.2955000698566437
0.16216064989566803
0.08175802230834961
0.046785082668066025
0.45123323798179626
0.28887566924095154
0.6472472548484802
0.6196339130401611
0.191541850566864
0.6580386161804199
0.08751069754362106
0.04110201820731163
0.17911171913146973
0.1938745379447937
0.838168203830719
0.6666438579559326
0.515389621257782
0.7726804614067078
0.4644292891025543
0.7450433969497681
0.3916107416152954
0.8026187419891357
0.49383991956710815
0.5878604054450989
0.6170632243156433
0.0985054150223732
0.4035415053367615
0.7424500584602356
0.784652054309845
0.7589543461799622
0.30804285407066345
0.1684695929288864
0.875785231590271
0.6476821899414062
0.09566286951303482
0.42025506496429443
0.7497037649154663
0.26926690340042114
0.453370600938797
0.7469043731689453
0.17638006806373596
0.3123423159122467
0.6298264861106873
0.5043398141860962
0.7755473852157593
0.6649785041809082
0.7538453340530396
0.05752762034535408
0.18939968943595886
0.5620377063751221
0.08897435665130615
0.7630789875984192
0.8273482322692871
0.8916831016540527
0.8473674654960632
0.4675077497959137
0.6622832417488098
0.6389888525009155
0.7171207070350647
0.6763158440589905
0.34179338812828064
0.9745910167694092
0.028707724064588547
0.5068684816360474
0.5850046277046204
0.6395303010940552
0.9369869828224182
0.47583431005477905
0.187705859541893
0.6292186975479126
0.8467815518379211
0.6098817586898804
0.02522633969783783
0.8726591467857361
0.332614928483963
0.203424334526062
0.9861475825309753
0.05570155382156372
0.6933364272117615
0.006180419120937586
0.7673346996307373
0.9579285383224487
0.43048954010009766
0.5633583664894104
0.06439340114593506
0.2808680832386017
0.33083128929138184
0.4752906560897827
0.970514178276062
0.22209478914737701
0.6236365437507629
0.5968503952026367
0.8301894664764404
0.6407715678215027
0.5379006862640381
0.017174439504742622
0.37460237741470337
0.6973787546157837
0.06720425933599472
0.24095965921878815
0.8366668224334717
0.08884582668542862
0.8283402919769287
0.6826624274253845
0.9864617586135864
0.9929128885269165
0.3644987642765045
0.2642669081687927
0.355095237493515
0.6028903126716614
0.9009104371070862
0.34192609786987305
0.13607653975486755
0.18330922722816467
0.06339133530855179
0.5363665819168091
0.953825831413269
0.963309645652771
0.05422227457165718
0.3638457953929901
0.5451713800430298
0.735211968421936
0.7705288529396057
0.9351862668991089
0.10421456396579742
0.4049336910247803
