0.3353233337402344
0.7392846345901489
0.766887366771698
0.23875844478607178
0.1707001030445099
0.25364530086517334
0.6206768751144409
0.8257111310958862
0.8488349318504333
0.10419434309005737
0.18885521590709686
0.9499849677085876
0.8138709664344788
0.5552917718887329
0.051511865109205246
0.4858534336090088
0.6244867444038391
0.2975432574748993
0.7532643675804138
0.47937333583831787
0.7377963662147522
0.11587986350059509
0.4770311117172241
0.8353040218353271
0.17213399708271027
0.5876383781433105
0.9987189173698425
0.6453810930252075
0.8610711693763733
0.735173761844635
0.9768269062042236
0.4245716333389282
0.979682445526123
0.18915759027004242
0.8630211353302002
0.48535260558128357
0.11377508193254471
0.621182918548584
0.19509731233119965
0.7088132500648499
0.7882196307182312
0.2218824177980423
0.9602362513542175
0.8022180199623108
0.9978777766227722
0.16049538552761078
0.718238890171051
0.8057307004928589
0.35301560163497925
0.9841391444206238
0.5070475339889526
0.8437826633453369
0.8353104591369629
0.3710953891277313
0.4520813822746277
0.6412539482116699
0.6276134848594666
0.861518144607544
0.12724646925926208
0.12298817932605743
0.5487259030342102
0.29705551266670227
0.5523136258125305
0.7593476176261902
0.335548996925354
0.6327072381973267
0.22938673198223114
0.7348862290382385
0.31711605191230774
0.9037290811538696
0.3471829891204834
0.26349058747291565
0.4121432900428772
0.4224853515625
0.8507888913154602
0.12725554406642914
0.6869206428527832
0.4620991051197052
0.7608728408813477
0.31751954555511475
0.9735084176063538
0.08692450076341629
0.7762480974197388
0.5120080709457397
0.11687350273132324
0.039782293140888214
0.17797933518886566
0.6911748051643372
0.024626610800623894
0.29707133769989014
0.5138751268386841
0.6815894246101379
0.8131919503211975
0.9329201579093933
0.9892810583114624
0.7924078702926636
0.3089788556098938
0.05942225456237793
0.23797184228897095
0.22455967962741852
0.8893632888793945
0.789186954498291
0.5006170272827148
0.8328350186347961
0.23605455458164215
0.3610273599624634
0.8719421029090881
0.3899564743041992
0.17409196496009827
0.12383724749088287
0.40356820821762085
0.8265222907066345
0.9623186588287354
0.10161399096250534
0.39998123049736023
0.9736605882644653
0.9118620157241821
0.6257480382919312
0.5100691914558411
0.7027240991592407
0.5682932138442993
0.9894334673881531
0.44680166244506836
0.33193373680114746
0.9236075282096863
0.5798773169517517
0.21417637169361115
0.5446110367774963
0.4053758978843689
0.41949114203453064
0.4470239281654358
0.5134059190750122
0.1190718486905098
0.28747236728668213
0.2976325750350952
0.8435389995574951
0.6261289715766907
0.40960925817489624
0.4050438404083252
0.7353554368019104
0.8602346181869507
0.3466319143772125
0.007725080009549856
0.8677806258201599
0.8897889852523804
0.33608731627464294
0.6802608966827393
0.5823694467544556
0.03787388652563095
0.3604716360569
0.13000117242336273
0.816996157169342
0.3670242726802826
0.7905019521713257
0.6926560401916504
0.16038671135902405
0.8619482517242432
0.9247953295707703
0.7990918755531311
0.8893128037452698
0.08743374794721603
0.19561195373535156
0.10813141614198685
0.5819599628448486
0.8404342532157898
0.29446467757225037
0.9724522233009338
0.39559459686279297
0.2529061734676361
0.22426679730415344
0.2192668467760086
0.2898184657096863
0.5451834797859192
0.7710543870925903
0.7939947843551636
0.8431363701820374
0.43132486939430237
0.2748969495296478
0.6822675466537476
0.29728037118911743
0.4870593547821045
0.1814933717250824
0.9526995420455933
0.13013872504234314
0.8358091115951538
0.232283353805542
0.820174515247345
0.09730283915996552
0.9858715534210205
0.5857033729553223
0.5606967806816101
0.7051922678947449
0.7667768597602844
0.05640120804309845
0.5134813785552979
0.46642354130744934
0.022217893972992897
0.055097341537475586
0.45585495233535767
0.6167084574699402
0.649421215057373
0.25398018956184387
0.008592979051172733
0.4005603492259979
0.49494341015815735
0.9697175025939941
0.696771502494812
0.6572358012199402
0.9394285678863525
0.3033081889152527
0.8955169916152954
0.7247969508171082
0.701810359954834
0.10810253769159317
0.17554010450839996
0.6323531270027161
0.03694652020931244
0.4696313142776489
0.1885942965745926
0.5762071013450623
0.5065329670906067
0.2647764980792999
0.21375222504138947
0.3395884931087494
0.9024701714515686
0.14871197938919067
0.8559200167655945
0.11916365474462509
0.19012531638145447
0.7131510972976685
0.026102891191840172
0.35766980051994324
0.08503277599811554
0.8922299146652222
0.10792320221662521
0.1171557679772377
0.635680615901947
0.6944184899330139
0.6546127200126648
0.6526544690132141
0.9622783064842224
0.12909133732318878
0.38518261909484863
0.5578365921974182
0.09210769087076187
0.35746780037879944
0.8096457123756409
0.279263436794281
0.46382179856300354
0.6334835886955261
0.9035380482673645
0.08927537500858307
0.9666746854782104
0.8834831118583679
0.1385747343301773
0.8210525512695312
0.26264721155166626
0.7509769201278687
0.14337027072906494
0.6771811246871948
0.6706327795982361
0.8316507339477539
0.6480188965797424
0.32930678129196167
0.24796119332313538
0.8939797282218933
0.14561501145362854
0.7389654517173767
0.12239544093608856
0.2690548598766327
0.7766489386558533
0.19858810305595398
0.5553664565086365
0.30025243759155273
0.5275943279266357
0.2925790548324585
0.39634254574775696
0.9358378648757935
0.7510668039321899
0.013870783150196075
0.7599788904190063
0.9824852347373962
0.8409064412117004
0.060744188725948334
0.30593937635421753
0.8415208458900452
0.7080656886100769
0.8174605965614319
0.6708618402481079
0.16098852455615997
0.6699125170707703
0.5936271548271179
0.4699733853340149
0.7827740907669067
0.09369394928216934
0.800420343875885
0.9739010334014893
0.4184882640838623
0.8403189778327942
0.844977855682373
0.004014706239104271
0.8116534352302551
0.9450423121452332
0.16732105612754822
0.4788007438182831
0.4965101480484009
0.12321901321411133
0.26057517528533936
0.9153978228569031
0.5561372637748718
0.7659299969673157
0.7760753035545349
0.1506987065076828
0.33045604825019836
0.22799745202064514
0.8454307317733765
0.7473679780960083
0.09485317766666412
0.8740345239639282
0.6645891666412354
0.8323522210121155
0.9351959228515625
0.8031171560287476
0.4664464592933655
0.2156371772289276
0.13894011080265045
0.17436900734901428
0.22272010147571564
0.43063274025917053
0.44087398052215576
0.572293758392334
0.31876230239868164
0.07281273603439331
0.4374631345272064
0.6556421518325806
0.8470634818077087
0.2944404184818268
0.004349496215581894
0.1327616423368454
0.5127600431442261
0.41246268153190613
0.6253275871276855
0.995625376701355
0.7877341508865356
0.6754659414291382
0.2826147675514221
0.8439971804618835
0.9597538709640503
0.6586365103721619
0.19105379283428192
0.16526132822036743
0.5768766403198242
0.5301209092140198
0.4821072816848755
0.6573152542114258
0.23821935057640076
0.5118184685707092
0.7573466300964355
0.43905341625213623
0.7041242718696594
0.5005000829696655
0.14364103972911835
0.4426571726799011
0.15867114067077637
0.8663883805274963
0.2261161208152771
0.5061762928962708
0.894909679889679
0.4273875653743744
0.868874192237854
0.612899899482727
0.8974205851554871
0.21790696680545807
0.06845515221357346
0.4605139493942261
0.7211934924125671
0.4811611771583557
0.15810541808605194
0.13525213301181793
0.822969913482666
0.17608724534511566
0.6933378577232361
0.38433873653411865
0.12008555978536606
0.7658002972602844
0.608059823513031
0.4959191083908081
0.41072824597358704
0.11529873311519623
0.7881445288658142
0.4868049621582031
0.4518607556819916
0.0998302549123764
0.06305161863565445
0.7352597713470459
0.38397812843322754
0.2952755391597748
0.5374839901924133
0.1295839101076126
0.8770875334739685
0.6338418126106262
0.14046931266784668
0.11721159517765045
0.842004120349884
0.5685896873474121
0.9748983979225159
0.5569702982902527
0.8765410780906677
0.7680110931396484
0.7784904837608337
0.010824360884726048
0.7273827791213989
0.6294008493423462
0.10458340495824814
0.761548638343811
0.4118363559246063
0.5488768815994263
0.9323951601982117
0.17225168645381927
0.49483466148376465
0.33285611867904663
0.16318148374557495
0.5435108542442322
0.7132481932640076
0.9645140171051025
0.9664497375488281
0.8452680706977844
0.7785412073135376
0.4101867973804474
0.4898650050163269
0.157511368393898
0.18713220953941345
0.3692202866077423
0.17256809771060944
0.3882719874382019
0.6377935409545898
0.6872316598892212
0.053870681673288345
0.12482687085866928
0.25189074873924255
0.9048610925674438
0.5296449065208435
0.7320389151573181
0.7296050786972046
0.04840229079127312
0.3725964426994324
0.5423670411109924
0.4184272885322571
0.10023108124732971
0.2976396679878235
0.015693465247750282
0.9717870354652405
0.6232293248176575
0.4216701090335846
0.5575935244560242
0.019102370366454124
0.6594620943069458
0.49282363057136536
0.47344356775283813
0.5497844219207764
0.0398896150290966
0.9099640846252441
0.2038644701242447
0.6897738575935364
0.6393392086029053
0.3606877028942108
0.5956778526306152
0.9501829743385315
0.3872559368610382
0.41683781147003174
0.3840373158454895
0.7144137620925903
0.29248639941215515
0.09884332120418549
0.10314968228340149
0.21612723171710968
0.4060806334018707
0.22876398265361786
0.8098246455192566
0.029136890545487404
0.16939088702201843
0.45167893171310425
0.6417462825775146
0.9407204985618591
0.4916623830795288
0.801101803779602
0.6704759001731873
0.936703622341156
0.8715139627456665
0.021493269130587578
0.18668560683727264
0.6243970394134521
0.36739882826805115
0.6813849210739136
0.3390471339225769
0.6158957481384277
0.2701440453529358
0.2887987792491913
0.291293740272522
0.6198515892028809
0.113680399954319
0.7707710266113281
0.32415175437927246
0.05143331363797188
0.5019487738609314
0.11942433565855026
0.030079569667577744
0.7763944268226624
0.1653812974691391
0.482668399810791
0.8065294027328491
0.8120402693748474
0.17797231674194336
0.07527682185173035
0.013422248885035515
0.6990281939506531
0.1409919112920761
0.8714766502380371
0.2149413824081421
0.37644028663635254
0.2286304086446762
0.3625926375389099
0.3374086320400238
0.41806742548942566
0.5996647477149963
0.40480849146842957
0.9541338682174683
0.2860981523990631
0.2047491818666458
0.33847013115882874
0.6817288398742676
0.5488733053207397
0.3958633840084076
0.9935364127159119
0.20387497544288635
0.046844158321619034
0.6815787553787231
0.6602469086647034
0.7295756936073303
0.31076839566230774
0.4128051996231079
0.7367512583732605
0.5501021146774292
0.2687576413154602
0.22490040957927704
0.6592151522636414
0.7727746963500977
0.5619494915008545
0.512479305267334
0.3682466745376587
0.5781078338623047
0.8556906580924988
0.8932872414588928
0.782540500164032
0.5770752429962158
0.638141930103302
0.13454459607601166
0.47335970401763916
0.1570451557636261
0.32808035612106323
0.5166695713996887
0.5620251893997192
0.9121237397193909
0.7208084464073181
0.18203234672546387
0.109195776283741
0.30981817841529846
0.08457942306995392
0.1966501921415329
0.6387661099433899
0.966763973236084
0.3005678653717041
0.2765103280544281
0.984655499458313
0.13241036236286163
0.8233342170715332
0.3111233711242676
0.9971032738685608
0.9325418472290039
0.639666736125946
0.4965222477912903
0.2698217034339905
0.41505908966064453
0.10567444562911987
0.9228032231330872
0.2736029624938965
0.6959213614463806
0.17052702605724335
0.5433997511863708
0.5230838060379028
0.5758888125419617
0.06108734756708145
0.30063316226005554
0.9598240852355957
0.741596519947052
0.9512465596199036
0.041094616055488586
0.08003998547792435
0.7927047610282898
0.21822334825992584
0.9100278615951538
0.5194149613380432
0.47450488805770874
0.6258494257926941
0.8824871778488159
0.9436696171760559
0.5130934715270996
0.5417094230651855
0.4469151794910431
0.4856708347797394
0.4460887610912323
0.05006473883986473
0.3103485405445099
0.8007871508598328
0.9434623122215271
0.002268892014399171
0.9695016145706177
0.18051382899284363
0.014711451716721058
0.15930108726024628
0.26574793457984924
0.06390922516584396
0.7706319689750671
0.7647964954376221
0.7818405628204346
0.6703522205352783
0.9899827837944031
0.6794201135635376
0.11289077252149582
0.8421831130981445
0.43760421872138977
0.8805662989616394
0.3098503351211548
0.8047700524330139
0.3658350110054016
0.6522486209869385
0.6934480667114258
0.36713874340057373
0.5454583168029785
0.8205130696296692
0.5842355489730835
0.8014444708824158
0.8215165734291077
0.10037035495042801
0.2061513066291809
0.6744496822357178
0.25962698459625244
0.32683780789375305
0.9820855259895325
0.19253529608249664
0.1152111366391182
0.9577313661575317
0.7694356441497803
0.6810259222984314
0.7921040058135986
0.4704934358596802
0.06359821557998657
0.47786834836006165
0.6924417018890381
0.2248339205980301
0.8673696517944336
0.23490890860557556
0.07455317676067352
0.10555959492921829
0.18436624109745026
0.8703436255455017
0.003881769021973014
0.6730810403823853
0.5351117849349976
0.3074682354927063
0.8914443254470825
0.03966246172785759
0.064675472676754
0.11405971646308899
0.4924738109111786
0.311264306306839
0.12564203143119812
0.6032315492630005
0.12710149586200714
0.44498974084854126
0.4827204942703247
0.49823886156082153
0.8544166088104248
0.9744084477424622
0.5543554425239563
0.9242040514945984
0.3617241382598877
0.5191039443016052
0.4032038152217865
0.7890289425849915
0.6589760184288025
0.3879045844078064
0.2528831958770752
0.2226034253835678
0.6277412176132202
0.115306556224823
0.19960187375545502
0.1230708509683609
0.00041266411426477134
0.36220893263816833
0.41480717062950134
0.6661186814308167
0.2640896141529083
0.26469939947128296
0.9197617769241333
0.17813169956207275
0.27537068724632263
0.7554102540016174
0.7209511399269104
0.18877431750297546
0.7569381594657898
0.6243950724601746
0.629486083984375
0.3033522963523865
0.057408660650253296
0.23774190247058868
0.00616398686543107
0.10984440892934799
0.6106215119361877
0.14592134952545166
0.43709734082221985
0.8230525255203247
0.1750495433807373
0.6182829737663269
0.6701552867889404
0.4601166546344757
0.8629863858222961
0.2901442050933838
0.46321070194244385
0.6069543361663818
0.9735069274902344
0.4999135434627533
0.38931629061698914
0.39419952034950256
0.05745119974017143
0.9186119437217712
0.5486083030700684
0.8274191617965698
0.8213455677032471
0.16728200018405914
0.5228457450866699
0.8441223502159119
0.7623082399368286
0.13273227214813232
0.22776569426059723
0.2226954698562622
0.178407222032547
0.3960711359977722
0.6343922019004822
0.46178415417671204
0.7969053387641907
0.6416604518890381
0.9609044194221497
0.7787951827049255
0.0128026083111763
0.9930464625358582
0.6358895301818848
0.3615317940711975
0.6134603023529053
0.651033341884613
0.16064895689487457
0.4237954914569855
0.7895792722702026
0.42278361320495605
0.14924952387809753
0.5577879548072815
0.01737150549888611
0.11069906502962112
