0.7894968390464783
0.2558140456676483
0.40934085845947266
0.26769885420799255
0.8962721824645996
0.32397589087486267
0.13045358657836914
0.20213927328586578
0.9626129269599915
0.21007095277309418
0.3531511127948761
0.9245611429214478
0.026118706911802292
0.7321251034736633
0.0921156108379364
0.6856628060340881
0.19671785831451416
0.36062386631965637
0.8070175647735596
0.4256007671356201
0.580647885799408
0.30203768610954285
0.0972890853881836
0.4453199803829193
0.14095579087734222
0.31134727597236633
0.4587929844856262
0.960615336894989
0.557963490486145
0.31668058037757874
0.7146977186203003
0.8312944173812866
0.9570672512054443
0.16986091434955597
0.600302517414093
0.4308941662311554
0.564871072769165
0.586475670337677
0.39736446738243103
0.4445926249027252
0.5088234543800354
0.02636796608567238
0.6923603415489197
0.13387593626976013
0.048068299889564514
0.7514280080795288
0.7934132814407349
0.8643961548805237
0.09177982807159424
0.6262065172195435
0.45035937428474426
0.221543550491333
0.76656574010849
0.6926353573799133
0.2322884052991867
0.8192352652549744
0.07833852618932724
0.46937358379364014
0.6154056191444397
0.7015141844749451
0.14091721177101135
0.9534520506858826
0.8508098721504211
0.09782678633928299
0.29663076996803284
0.6255391836166382
0.8238202929496765
0.3400409519672394
0.4462495446205139
0.43800535798072815
0.14972037076950073
0.9600748419761658
0.8371260762214661
0.5792567133903503
0.055503275245428085
0.9882162809371948
0.2732867896556854
0.030977044254541397
0.16420389711856842
0.05741795897483826
0.8449695706367493
0.7374439239501953
0.63250333070755
0.3135106563568115
0.9014473557472229
0.8117732405662537
0.2813330888748169
0.7248772978782654
0.16259978711605072
0.5479425191879272
0.4851623475551605
0.2669699490070343
0.5082767605781555
0.10534801334142685
0.9609997868537903
0.32515981793403625
0.354527086019516
0.1346784383058548
0.5057277679443359
0.43696752190589905
0.7551689743995667
0.17527732253074646
0.4861569106578827
0.29466575384140015
0.896842896938324
0.6424229145050049
0.8959293961524963
0.5086433291435242
0.7620604038238525
0.23775248229503632
0.20837371051311493
0.35024669766426086
0.6855843663215637
0.7338951230049133
0.31439465284347534
0.4100463092327118
0.06481693685054779
0.7239121198654175
0.3154555559158325
0.9622021913528442
0.6050170063972473
0.45164793729782104
0.7763200402259827
0.5897560119628906
0.18019571900367737
0.8397814035415649
0.9566687345504761
0.06771117448806763
0.9077120423316956
0.3952677547931671
0.3003159761428833
0.12964127957820892
0.39596930146217346
0.03899102285504341
0.4926680624485016
0.8925246596336365
0.8900439143180847
0.7905595898628235
0.8752138614654541
0.5268640518188477
0.5201823115348816
0.1796519011259079
0.706021249294281
0.8185232281684875
0.2099296748638153
0.13646627962589264
0.48884010314941406
0.4387589395046234
0.07844578474760056
0.7983454465866089
0.5636701583862305
0.7037836313247681
0.4252771735191345
0.9651954174041748
0.18536047637462616
0.8838285803794861
0.01905396766960621
0.5654081106185913
0.9795860648155212
0.23054736852645874
0.8715012073516846
0.7329536080360413
0.6169425845146179
0.48353680968284607
0.8506993651390076
0.8172575235366821
0.9633875489234924
0.07620971649885178
0.16443434357643127
0.9099115133285522
0.3751446604728699
0.7455529570579529
0.6063545346260071
0.9720470309257507
0.9019668102264404
0.271124005317688
0.7763291001319885
0.8529820442199707
0.24605363607406616
0.0828644335269928
0.42027944326400757
0.29916471242904663
0.7521929144859314
0.24186435341835022
0.12094741314649582
0.6334552764892578
0.41212978959083557
0.8403377532958984
0.012187175452709198
0.8505591750144958
0.5464379787445068
0.12198527902364731
0.31458473205566406
0.4478498101234436
0.721864640712738
0.261627733707428
0.7667466998100281
0.8352060914039612
0.8525933623313904
0.6448754668235779
0.957634449005127
0.898818850517273
0.7337504029273987
0.5720816254615784
0.8871535658836365
0.14344650506973267
0.5195165872573853
0.4924229085445404
0.2884652614593506
0.0035232265945523977
0.8519238829612732
0.6660594940185547
0.22198326885700226
0.12004601210355759
0.9222510457038879
0.7518916130065918
0.9152778387069702
0.317640095949173
0.9174075126647949
0.4319491684436798
0.7558141350746155
0.5115230679512024
0.6101328730583191
0.5260927081108093
0.43455007672309875
0.25203168392181396
0.3583829998970032
0.04356911778450012
0.3098870515823364
0.051938772201538086
0.23532235622406006
0.42418476939201355
0.023193880915641785
0.7080617547035217
0.5134263634681702
0.272264689207077
0.8806807994842529
0.41750723123550415
0.41116559505462646
0.37603679299354553
0.7492601871490479
0.39316779375076294
0.6677234768867493
0.030082641169428825
0.9504547715187073
0.4587613642215729
0.820387065410614
0.5185014605522156
0.8332540988922119
0.2807794511318207
0.05569051578640938
0.7096266746520996
0.04906902089715004
0.5446568727493286
0.4288174510002136
0.7848701477050781
0.7223091125488281
0.31158503890037537
0.7070968151092529
0.7645590901374817
0.1515844315290451
0.410725861787796
0.17626230418682098
0.48865988850593567
0.2554861903190613
0.6646174192428589
0.45139384269714355
0.6955200433731079
0.5448574423789978
0.25845882296562195
0.7724963426589966
0.8467969298362732
0.17431777715682983
0.5765687227249146
0.6119881868362427
0.9363244771957397
0.9253305196762085
0.3910849094390869
0.9738341569900513
0.6013000011444092
0.24843889474868774
0.7339697480201721
0.9358969330787659
0.7920135259628296
0.3329765200614929
0.48582133650779724
0.07784940302371979
0.23282669484615326
0.8230724334716797
0.3355518877506256
0.10425165295600891
0.24662739038467407
0.7618602514266968
0.6384220123291016
0.3257363438606262
0.4621245861053467
0.3853307068347931
0.060434259474277496
0.6252988576889038
0.5961434245109558
0.8939453363418579
0.4487314820289612
0.4041866362094879
0.4796128571033478
0.9296783208847046
0.6472164988517761
0.030122598633170128
0.020828107371926308
0.3133152425289154
0.16488231718540192
0.4621458649635315
0.2266947478055954
0.15911471843719482
0.36228615045547485
0.677444338798523
0.15518945455551147
0.9974315166473389
0.5156226754188538
0.2090466469526291
0.4847676455974579
0.5142443776130676
0.465495228767395
0.0011220828164368868
0.27457910776138306
0.9265000224113464
0.14952988922595978
0.6205462217330933
0.7960463166236877
0.617916464805603
0.8456394672393799
0.3793562352657318
0.8963349461555481
0.34369632601737976
0.2894521653652191
0.07366813719272614
0.038016483187675476
0.5868605375289917
0.38347432017326355
0.1538507491350174
0.4825671911239624
0.6685208082199097
0.047230735421180725
0.559140145778656
0.0033869296312332153
0.42406341433525085
0.28277701139450073
0.9374284744262695
0.42653748393058777
0.01418754830956459
0.9676337242126465
0.6019929051399231
0.2391730695962906
0.7181310057640076
0.6816275715827942
0.1855408251285553
0.4957834482192993
0.21319527924060822
0.005743757355958223
0.9519985914230347
0.1410476714372635
0.7562195062637329
0.20662739872932434
0.8390462398529053
0.6020775437355042
0.30697134137153625
0.27318596839904785
0.8595961332321167
0.2826043963432312
0.2556284964084625
0.28064972162246704
0.464657187461853
0.4073823392391205
0.3473552465438843
0.27435195446014404
0.1438429206609726
0.582262396812439
0.17300207912921906
0.6846145391464233
0.23083415627479553
0.9485547542572021
0.24307242035865784
0.19084961712360382
0.1848813146352768
0.44817665219306946
0.45622724294662476
0.5028170347213745
0.1487901210784912
0.8770064115524292
0.6181997656822205
0.6523814797401428
0.4743861258029938
0.1529032289981842
0.9780473113059998
0.6088759303092957
0.9683269262313843
0.09126701205968857
0.19305631518363953
0.7084977626800537
0.36197876930236816
0.86411052942276
0.3434911370277405
0.34256818890571594
0.43849706649780273
0.38351768255233765
0.7996945977210999
0.43720901012420654
0.708601176738739
0.3413279056549072
0.11794351786375046
0.9292552471160889
0.30427858233451843
0.13255934417247772
0.2259213924407959
0.5912573933601379
0.18749557435512543
0.10715620219707489
0.41421645879745483
0.9338796734809875
0.045944809913635254
0.8169059753417969
0.44548681378364563
0.33393365144729614
0.6404945850372314
0.2895539104938507
0.4013988971710205
0.12406709045171738
0.5116512179374695
0.9424615502357483
0.5084307789802551
0.268970251083374
0.976591169834137
0.28158411383628845
0.613188624382019
0.18815085291862488
0.007275797892361879
0.8500434160232544
0.8526391983032227
0.08718279004096985
0.42974114418029785
0.9353770017623901
0.7748528718948364
0.11210688948631287
0.272737979888916
0.8826822638511658
0.1472196727991104
0.9343507289886475
0.9920634031295776
0.2457178384065628
0.21764203906059265
0.5305861830711365
0.13717904686927795
0.599601149559021
0.9983131289482117
0.23054488003253937
0.7617981433868408
0.75397789478302
0.6879588961601257
0.2971949577331543
0.6436102390289307
0.3987680971622467
0.17421990633010864
0.5172456502914429
0.19166873395442963
0.30016008019447327
0.050205349922180176
0.5232111215591431
0.11549054831266403
0.6375004053115845
0.48585253953933716
0.4520111083984375
0.959653377532959
0.6190041899681091
0.5686315894126892
0.5987385511398315
0.4433409869670868
0.18306966125965118
0.8628801107406616
0.810130774974823
0.3831689655780792
0.3610836863517761
0.6428887844085693
0.7283563613891602
0.9372409582138062
0.8816090822219849
0.700378954410553
0.7679173350334167
0.5271369218826294
0.08135045319795609
0.3488694429397583
0.5970101952552795
0.7636544704437256
0.5181922912597656
0.8420937061309814
0.5016968250274658
0.6737474203109741
0.7175514698028564
0.8578577041625977
0.49230000376701355
0.6931750178337097
0.6364156007766724
0.2637608051300049
0.7521101832389832
0.12552443146705627
0.8499139547348022
0.46512433886528015
0.9743034839630127
0.6367303133010864
0.36490321159362793
0.5391820669174194
0.6608805656433105
0.46100914478302
0.9728124737739563
0.03124970570206642
0.4174005687236786
0.0357966423034668
0.9801533222198486
0.90162593126297
0.08030381798744202
0.21410250663757324
0.5141976475715637
0.4954194724559784
0.3392272889614105
0.4087158441543579
0.011988304555416107
0.07683500647544861
0.6853242516517639
0.565199613571167
0.8991144895553589
0.9158688187599182
0.427527517080307
0.5539833903312683
0.17972642183303833
0.3244459629058838
0.8407357335090637
0.8199361562728882
0.5312983989715576
0.23353207111358643
0.04433439299464226
0.2723093032836914
0.7090223431587219
0.34458187222480774
0.059902142733335495
0.00018347844888921827
0.20742666721343994
0.15322478115558624
0.6197459697723389
0.8508763909339905
0.12511929869651794
0.02946561947464943
0.5774814486503601
0.16969755291938782
0.6914850473403931
0.5629023313522339
0.22345012426376343
0.587372362613678
0.957880437374115
0.485468327999115
0.3638516664505005
0.2967253029346466
0.4422360360622406
0.15649639070034027
0.5906656384468079
0.4244338870048523
0.3863714039325714
0.6205506324768066
0.33549612760543823
0.28535258769989014
0.48381417989730835
0.9009814262390137
0.7551870942115784
0.23810310661792755
0.949690580368042
0.5860810875892639
0.8228631615638733
0.06722797453403473
0.8642289638519287
0.1672101467847824
0.9880632758140564
0.8790356516838074
0.7814541459083557
0.5765548348426819
0.5021151304244995
0.2918343245983124
0.11528199911117554
0.32600536942481995
0.40549370646476746
0.1542455106973648
0.0720980241894722
0.4344046413898468
0.879975438117981
0.9612021446228027
0.7125840187072754
0.0730496421456337
0.8226394057273865
0.21099607646465302
0.31043532490730286
0.884165346622467
0.947393000125885
0.6063454151153564
0.3553420305252075
0.543732225894928
0.8384203910827637
0.3995382785797119
0.12698079645633698
0.6155670285224915
0.49375441670417786
0.9957000613212585
0.1256318837404251
0.4280049800872803
0.9104694724082947
0.3780766725540161
0.7684873342514038
0.511569619178772
0.9601634740829468
0.12672489881515503
0.3054296374320984
0.9804544448852539
0.5895018577575684
0.9877759218215942
0.14969255030155182
0.7721249461174011
0.5227994918823242
0.8342800140380859
0.011286838911473751
0.9640285968780518
0.8011386394500732
0.7337827682495117
0.5736160278320312
0.16128601133823395
0.04512884095311165
0.562110960483551
0.3736894428730011
0.5506104826927185
0.8169354200363159
0.3138086795806885
0.6733019351959229
0.5245683193206787
0.2736859917640686
0.11525760591030121
0.7108926177024841
0.0785466656088829
0.649592399597168
0.18102358281612396
0.7713536024093628
0.02218019589781761
0.25857868790626526
0.4332089126110077
0.35905614495277405
0.38122010231018066
0.03942243754863739
0.49803683161735535
0.5429086089134216
0.8458794355392456
0.03932137414813042
0.12398507446050644
0.1696271449327469
0.13920161128044128
0.7217518091201782
0.11583319306373596
0.28796035051345825
0.5080149173736572
0.28793543577194214
0.6008243560791016
0.6631792187690735
0.8841853737831116
0.770719051361084
0.1917998343706131
0.24122105538845062
0.6810581684112549
0.2683786451816559
0.7204053401947021
0.9742994904518127
0.046485140919685364
0.3081599771976471
0.6122612357139587
0.6631314158439636
0.2541084289550781
0.3656337261199951
0.7057022452354431
0.6063851118087769
0.9620199799537659
0.9512510895729065
0.9708210825920105
0.08402470499277115
0.9367068409919739
0.07232579588890076
0.6818813681602478
0.949756383895874
0.3057798147201538
0.20110002160072327
0.39861977100372314
0.823676347732544
0.40009480714797974
0.9167129993438721
0.22100847959518433
0.39872270822525024
0.7736997604370117
0.5864301919937134
0.7587239146232605
0.6086357831954956
0.4553920030593872
0.28840652108192444
0.40004801750183105
0.7214020490646362
0.5315461754798889
0.4198170304298401
0.48263493180274963
0.9158935546875
0.4857775866985321
0.7188956141471863
0.017310356721282005
0.18887147307395935
0.04318981617689133
0.6524636149406433
0.0343918651342392
0.4031083583831787
0.1737595796585083
0.3174918591976166
0.2106925994157791
0.39449819922447205
0.8560624122619629
0.5006441473960876
0.6499699354171753
0.9775379300117493
0.48074695467948914
0.5998885631561279
0.5299175381660461
0.08543088287115097
0.8566577434539795
0.1467316895723343
0.2803553342819214
0.7910628318786621
0.05939605459570885
0.9622724652290344
0.13798482716083527
0.6214267015457153
0.1840047836303711
0.7420816421508789
0.6118022799491882
0.6094881296157837
0.3101658821105957
0.8288863301277161
0.27888253331184387
0.2233286052942276
0.5232722163200378
0.6795421838760376
0.22730767726898193
0.5925737023353577
0.9657713770866394
0.09458578377962112
0.9175285696983337
0.7812496423721313
0.38112348318099976
0.8910106420516968
0.16618654131889343
0.9282866716384888
0.400908499956131
0.7849051356315613
0.02785268798470497
0.8864772915840149
0.46041250228881836
0.699002742767334
0.38567668199539185
0.3403112292289734
0.7980411052703857
0.9590689539909363
0.6699001789093018
0.6226279139518738
