0.455118328332901
0.9588891267776489
0.8393807411193848
0.5491162538528442
0.23119908571243286
0.05253653973340988
0.7215734124183655
0.5248655080795288
0.5634355545043945
0.37043067812919617
0.9905108213424683
0.6286012530326843
0.15624107420444489
0.07210991531610489
0.06601249426603317
0.7310066223144531
0.2846410870552063
0.3514965772628784
0.9741896986961365
0.693557858467102
0.7818555235862732
0.29047688841819763
0.16634570062160492
0.1875298023223877
0.49376240372657776
0.48009926080703735
0.17998133599758148
0.6128509640693665
0.9746068120002747
0.2231697142124176
0.6314366459846497
0.5527729988098145
0.5885212421417236
0.1355811506509781
0.7928188443183899
5.5900502047734335e-05
0.21116343140602112
0.14687182009220123
0.40777501463890076
0.31193533539772034
0.9934359788894653
0.3634096384048462
0.6489248275756836
0.7180185317993164
0.11841017752885818
0.4841483235359192
0.9479491114616394
0.8254032135009766
0.12300407141447067
0.8441821336746216
0.07537950575351715
0.31610286235809326
0.9908050894737244
0.7360065579414368
0.632912814617157
0.7145512700080872
0.940224289894104
0.7428690195083618
0.7971662878990173
0.032266080379486084
0.519774317741394
0.23061390221118927
0.7323189973831177
0.930751383304596
0.7537679076194763
0.46643921732902527
0.003605609992519021
0.798375129699707
0.5655348300933838
0.04817973077297211
0.7561689019203186
0.7332368493080139
0.2730249762535095
0.5552864670753479
0.04605336859822273
0.4706478416919708
0.23712846636772156
0.8313304781913757
0.15625207126140594
0.17535464465618134
0.5060133934020996
0.25099095702171326
0.883450448513031
0.6757571697235107
0.03729715198278427
0.09433412551879883
0.02622305601835251
0.8188090324401855
0.5399782061576843
0.6780030131340027
0.6408229470252991
0.5972152948379517
0.42170822620391846
0.985834002494812
0.25116708874702454
0.4928362965583801
0.4771309494972229
0.1791309118270874
0.10328776389360428
0.45195794105529785
0.984561026096344
0.5609948039054871
0.3756062686443329
0.4731495976448059
0.20371577143669128
0.3661535382270813
0.9784228801727295
0.8456318974494934
0.8745762705802917
0.014511995017528534
0.6309714317321777
0.48161911964416504
0.15819308161735535
0.7954010367393494
0.10119235515594482
0.5110999941825867
0.37654614448547363
0.34157586097717285
0.2538366913795471
0.8122664093971252
0.07917406409978867
0.8645523190498352
0.23709122836589813
0.17851096391677856
0.8128042221069336
0.6090900301933289
0.00016963494999799877
0.39553725719451904
0.6796624064445496
0.3702172040939331
0.8212233781814575
0.4702942669391632
0.31334856152534485
0.9669120907783508
0.5968115329742432
0.7215885519981384
0.5694220662117004
0.8984829783439636
0.8195117115974426
0.5510619878768921
0.019365809857845306
0.08347436785697937
0.3125143051147461
0.5354771614074707
0.02032826840877533
0.7280782461166382
0.15187649428844452
0.4886285960674286
0.9925565123558044
0.09300018846988678
0.43158549070358276
0.5079177021980286
0.5542858839035034
0.4045872986316681
0.6017473936080933
0.18413949012756348
0.40869349241256714
0.8248627185821533
0.5765912532806396
0.6099745035171509
0.03547575697302818
0.6611377000808716
0.19533321261405945
0.8295359015464783
0.44637081027030945
0.25423070788383484
0.8651689887046814
0.052913129329681396
0.5066962242126465
0.39432528614997864
0.7219399213790894
0.8186079263687134
0.2806047797203064
0.8184319138526917
0.049329064786434174
0.3017599582672119
0.5474342703819275
0.5487251281738281
0.6389152407646179
0.2376740574836731
0.18730346858501434
0.2607085704803467
0.743135392665863
0.37947922945022583
0.8221783638000488
0.5776265263557434
0.3212498724460602
0.6967085003852844
0.4004989266395569
0.17288550734519958
0.39029401540756226
0.48608627915382385
0.3877832591533661
0.37539178133010864
0.0397888608276844
0.9191833138465881
0.007989130914211273
0.4238488972187042
0.5142241716384888
0.7337099313735962
0.4489021301269531
0.22487325966358185
0.8703926205635071
0.18241961300373077
0.6643867492675781
0.9000639915466309
0.49156808853149414
0.7638551592826843
0.5922864079475403
0.8685817122459412
0.2886619567871094
0.6493399143218994
0.07947443425655365
0.0023715451825410128
0.9055404663085938
0.07492680847644806
0.0030935846734791994
0.953671932220459
0.8280587196350098
0.9196513295173645
0.6149865984916687
0.2567956745624542
0.755207896232605
0.792901337146759
0.9835028052330017
0.3342665433883667
0.21085751056671143
0.9279245734214783
0.41235285997390747
0.6375120282173157
0.3716558516025543
0.7220112085342407
0.7050682306289673
0.49725115299224854
0.8042306900024414
0.5636953115463257
0.6277582049369812
0.6182302832603455
0.2987060844898224
0.5653725266456604
0.4524040222167969
0.8467481732368469
0.7574367523193359
0.716817319393158
0.08900872617959976
0.22828033566474915
0.49767541885375977
0.7228071093559265
0.8596768379211426
0.130349799990654
0.4069312810897827
0.73447585105896
0.6666960120201111
0.4087732434272766
0.2072143852710724
0.2654171288013458
0.4479374587535858
0.055015794932842255
0.9156110286712646
0.3495903015136719
0.05786246433854103
0.899415135383606
0.3092058598995209
0.8729198575019836
0.6917666792869568
0.7059038877487183
0.11344561725854874
0.5358440279960632
0.7458299398422241
0.1568097472190857
0.5408978462219238
0.2419612854719162
0.2724217176437378
0.5267394185066223
0.2231956124305725
0.1848324090242386
0.514153242111206
0.5093585252761841
0.12692053616046906
0.9827536344528198
0.5724515914916992
0.20721052587032318
0.6820352077484131
0.34558796882629395
0.8564387559890747
0.3437706232070923
0.6097277998924255
0.10875476896762848
0.8771007657051086
0.2377968579530716
0.7253945469856262
0.9678375124931335
0.48564210534095764
0.729442834854126
0.4467320144176483
0.06171644106507301
0.38379257917404175
0.6983512043952942
0.6472852230072021
0.24105802178382874
0.23260709643363953
0.6147876977920532
0.24283801019191742
0.24950215220451355
0.8664137721061707
0.6913428902626038
0.7658143043518066
0.7923498749732971
0.29549068212509155
0.22645141184329987
0.1339363008737564
0.5904363989830017
0.13342943787574768
0.023516494780778885
0.9971662163734436
0.31457075476646423
0.968560516834259
0.8726115822792053
0.8247809410095215
0.7156844139099121
0.7681168913841248
0.5395412445068359
0.4819232225418091
0.2750718593597412
0.24221709370613098
0.9462762475013733
0.5364807844161987
0.08088085055351257
0.715490996837616
0.6830645799636841
0.4291664659976959
0.11729960888624191
0.4938569962978363
0.5148022174835205
0.8606778383255005
0.7790328860282898
0.6580449342727661
0.8157023787498474
0.9285705089569092
0.6631290912628174
0.44727882742881775
0.2265302836894989
0.7202073931694031
0.7803664803504944
0.09114771336317062
0.6958678364753723
0.9374111294746399
0.3376140892505646
0.4898671805858612
0.7864352464675903
0.44683730602264404
0.9936584234237671
0.06977089494466782
0.33176565170288086
0.23424610495567322
0.4433806240558624
0.1927342712879181
0.2678363621234894
0.27635711431503296
0.14869527518749237
0.03710559383034706
0.9762364625930786
0.7934523820877075
0.9840003848075867
0.11007100343704224
0.02262566052377224
0.24692778289318085
0.2425118237733841
0.8254796862602234
0.7411980628967285
0.8406289219856262
0.6378598809242249
0.9653180837631226
0.19458697736263275
0.3192918300628662
0.269296795129776
0.9677975177764893
0.020179010927677155
0.6187962293624878
0.4987131655216217
0.2021671086549759
0.23626995086669922
0.09474863857030869
0.6779950261116028
0.798143208026886
0.7764591574668884
0.9481847882270813
0.33785930275917053
0.8016146421432495
0.8807523846626282
0.8851442933082581
0.3677976131439209
0.42604371905326843
0.9427054524421692
0.21022483706474304
0.24252337217330933
0.42810434103012085
0.43336448073387146
0.2625994384288788
0.4477981626987457
0.9116952419281006
0.26254552602767944
0.7654629945755005
0.5533689856529236
0.6775000691413879
0.7579613924026489
0.3605966567993164
0.8909483551979065
0.2189856767654419
0.8743064999580383
0.6216149926185608
0.9409703016281128
0.2817249596118927
0.3745070993900299
0.1547631025314331
0.5502391457557678
0.25097063183784485
0.8338399529457092
0.13945771753787994
0.06618084013462067
0.24237048625946045
0.7228341698646545
0.6822618246078491
0.44086453318595886
0.28608033061027527
0.8982131481170654
0.13586866855621338
0.9621185660362244
0.7118828296661377
0.5461259484291077
0.4164172410964966
0.9691449999809265
0.474776029586792
0.09168899804353714
0.4431455731391907
0.7280276417732239
0.06844199448823929
0.8109157085418701
0.7631672024726868
0.7599062323570251
0.9743485450744629
0.8488946557044983
0.1331527829170227
0.12713167071342468
0.5708869099617004
0.7267249822616577
0.010584888979792595
0.9863326549530029
0.602386474609375
0.08267558366060257
0.6627534031867981
0.18934515118598938
0.37217503786087036
0.297087699174881
0.8612052798271179
0.755561113357544
0.40515634417533875
0.005544377025216818
0.16712403297424316
0.7470083832740784
0.5230773687362671
0.4146639406681061
0.4231369197368622
0.6378870606422424
0.6663930416107178
0.8402684926986694
0.06486707180738449
0.13071633875370026
0.18889260292053223
0.8182961940765381
0.19598129391670227
0.2867393493652344
0.29932907223701477
0.23155459761619568
0.8005494475364685
0.0413392037153244
0.6123231053352356
0.06735606491565704
0.9573853015899658
0.061550721526145935
0.1289951056241989
0.1936527043581009
0.7489908933639526
0.7033610343933105
0.33252033591270447
0.2919140160083771
0.9553634524345398
0.9395589828491211
0.11410493403673172
0.9632443189620972
0.7358940839767456
0.7464433908462524
0.9786136746406555
0.47826945781707764
0.03007466159760952
0.14980372786521912
0.7282524704933167
0.03091612458229065
0.8035621047019958
0.44402211904525757
0.976045548915863
0.11335724592208862
0.8749945759773254
0.7555340528488159
0.07651200145483017
0.9889515042304993
0.6118754148483276
0.7459005117416382
0.8076735734939575
0.20465309917926788
0.5512974262237549
0.9606462717056274
0.3326182961463928
0.9592702388763428
0.7723900079727173
0.22167173027992249
0.7607742547988892
0.6930504441261292
0.03608992323279381
0.26254236698150635
0.908190906047821
0.34634092450141907
0.7321789860725403
0.0011860581580549479
0.2287687063217163
0.49007266759872437
0.9421125650405884
0.766883373260498
0.9113538265228271
0.7269695401191711
0.5905289053916931
0.2816765010356903
0.07465191930532455
0.015398182906210423
0.6748861074447632
0.13837283849716187
0.9475355744361877
0.3355175852775574
0.7782498598098755
0.35640546679496765
0.14874275028705597
0.9855788350105286
0.27055931091308594
0.49491041898727417
0.32272952795028687
0.32958731055259705
0.9546349048614502
0.578826367855072
0.7117372155189514
0.836674690246582
0.230865016579628
0.9973155856132507
0.0736638531088829
0.2666841745376587
0.47724127769470215
0.7771697640419006
0.8520718812942505
0.058866433799266815
0.32420751452445984
0.05754634737968445
0.03136807680130005
0.6308899521827698
0.12617427110671997
0.6267240047454834
0.3007216453552246
0.02405695430934429
0.8447465300559998
0.07461852580308914
0.40534141659736633
0.16338983178138733
0.6011192202568054
0.8658506274223328
0.6103177070617676
0.9409615397453308
0.7374285459518433
0.32573509216308594
0.6809499263763428
0.9238399863243103
0.9292604923248291
0.27250292897224426
0.023331046104431152
0.7254492044448853
0.6688870787620544
0.8395395874977112
0.5973215699195862
0.45629796385765076
0.3652075231075287
0.6113848090171814
0.7677785158157349
0.8203269243240356
0.26863864064216614
0.5416756272315979
0.5433628559112549
0.6077367067337036
0.4078405499458313
0.8871673941612244
0.013790614902973175
0.258178174495697
0.6322858929634094
0.46260154247283936
0.7982200384140015
0.01908290572464466
0.02206125482916832
0.8712037801742554
0.8457613587379456
0.010669209063053131
0.10348985344171524
0.35890331864356995
0.18296416103839874
0.8885856866836548
0.5076104402542114
0.868880569934845
0.11846862733364105
0.17207232117652893
0.3455878496170044
0.2262786626815796
0.9852453470230103
0.04301495477557182
0.8842995762825012
0.30813533067703247
0.14827746152877808
0.9501456022262573
0.03216036036610603
0.40730008482933044
0.7616879940032959
0.5101451873779297
0.9755306243896484
0.2961593568325043
0.5727043747901917
0.16646693646907806
0.9361210465431213
0.05209515988826752
0.7479588389396667
0.0043077920563519
0.874942421913147
0.6954584717750549
0.3306126296520233
0.6089880466461182
0.3048267066478729
0.5811899900436401
0.13304905593395233
0.36515572667121887
0.42696478962898254
0.3173399269580841
0.9840606451034546
0.983349084854126
0.9256917834281921
0.32913482189178467
0.9624184370040894
0.11597088724374771
0.500892162322998
0.48212361335754395
0.9521620273590088
0.6091133952140808
0.9696205854415894
0.9830916523933411
0.28002214431762695
0.14015990495681763
0.790993332862854
0.19345974922180176
0.5078623294830322
0.9435412287712097
0.050977639853954315
0.9210683107376099
0.5782568454742432
0.8471642732620239
0.21277683973312378
0.22528627514839172
0.721908450126648
0.0944930836558342
0.7313674688339233
0.1432311236858368
0.4560244083404541
0.5141191482543945
0.6857084035873413
0.683142900466919
0.4012922942638397
0.302715003490448
0.6116978526115417
0.8809704780578613
0.8315868973731995
0.41191956400871277
0.5874943137168884
0.771328330039978
0.2767440378665924
0.2592948079109192
0.4383503496646881
0.4424116313457489
0.18006163835525513
0.5443433523178101
0.45560282468795776
0.1096256673336029
0.01012567151337862
0.7513812780380249
0.9039090275764465
0.07399191707372665
0.144953653216362
0.21011017262935638
0.30759483575820923
0.3656740188598633
0.7832773923873901
0.9452074766159058
0.6246392726898193
0.4407312870025635
0.6071534156799316
0.2583457827568054
0.8424748182296753
0.9516937732696533
0.406962513923645
0.7622250318527222
0.3125011622905731
0.34297287464141846
0.8999021649360657
0.7826887965202332
0.33178114891052246
0.9316679239273071
0.2594863474369049
0.7025465965270996
0.12081832438707352
0.8932416439056396
0.08652715384960175
0.07511865347623825
0.8404086232185364
0.11318875104188919
0.6019935011863708
0.9543573260307312
0.762138843536377
0.6444472670555115
0.021467939019203186
0.7901238799095154
0.44293996691703796
0.7861708402633667
0.040264617651700974
0.261850506067276
0.3555435836315155
0.8577786684036255
0.7951889038085938
0.7213883399963379
0.536582350730896
0.863495945930481
0.12774264812469482
0.8497586846351624
0.1654902547597885
0.6824637651443481
0.6896328330039978
0.6970564126968384
0.6726521253585815
0.5885865092277527
0.3788311183452606
0.1281224936246872
0.45497143268585205
0.05375790223479271
0.6190219521522522
0.39664989709854126
0.05299388989806175
0.7404332160949707
0.20989890396595
0.36356669664382935
0.8811274170875549
0.9223853945732117
0.37513917684555054
0.8535753488540649
0.5630272626876831
0.5976977944374084
0.8085895776748657
0.0004420848563313484
0.983258843421936
0.09024569392204285
