0.12180643229876786
0.577577641340863
0.18178888284704398
0.5941708531762541
0.7356200568580668
0.15607398746965984
0.2522853977872086
0.10572180353964022
0.30776053424734784
0.8276462511649789
0.471198002111751
0.2248364490898701
0.6187636566028367
0.46857702038433013
0.9856002718790813
0.7139947314594681
0.8066264897444521
0.8748280857855019
0.7224788512739918
0.6644331240721427
0.25448390532144993
0.9006567740227608
0.19047040874531695
0.5710788610570979
0.38485927205705095
0.7990754702116513
0.9940300971017214
0.2758909923227687
0.04419742552426564
0.8097333079864085
0.44086214713442307
0.5218612115691112
0.7945574631899626
0.9620888890504755
0.46026178974465926
0.4221851491257129
0.15841947371160836
0.17289950698710121
0.9937493347174173
0.2470907762349327
0.9448763268473281
0.6832283471927634
0.44896231113634044
0.08598955572910094
0.9452311156521666
0.9776487899362813
0.4281278708963008
0.17214989422110816
0.7014871351357792
0.8636443738934146
0.5671283567938051
0.5356154439639538
0.7063991242337009
0.6815027995758084
0.853437737028935
0.07228423543304652
0.6396834026066479
0.9688413059472674
0.2003061130803777
0.9315343857961357
0.43433486238339236
0.9699346218251331
0.53756722566076
0.9785947752437887
0.9520911256671989
0.46340897875646436
0.717507510610159
0.1644556295325782
0.31381993886736637
0.2847598053190199
0.8910587485738465
0.13124891590015864
0.008611415511366793
0.021156010355840693
0.8777148695006128
0.5985122295951059
0.12790646071201195
0.3852135380382671
0.6464410066398256
0.04848694226602124
0.6488304900235315
0.08757977991595911
0.1085804071289338
0.14024722095194764
0.05424491286677957
0.06467503083709547
0.9908063990293386
0.7043340471998213
0.5569627848109716
0.509127432538553
0.46385921093186055
0.18511225727669645
0.9792385193330722
0.7794909960668583
0.32462853243946177
0.5748882934170819
0.6097724575462964
0.5374549465644959
0.4289933342696688
0.45064175652893346
0.18907699496234176
0.021978126282518717
0.3594487729564867
0.6208869158526088
0.4738656834367476
0.6375035129165699
0.2464159713840196
0.7004653963344261
0.009522565473701117
0.3124769972148558
0.9175452225035353
0.9407952319353543
0.8924043878962994
0.8352391301989713
0.13280351921675448
0.9098300111285648
0.8016117238713764
0.8800725814542879
0.016240474768673074
0.0147200772897782
0.6728466362401093
0.5757944031098507
0.6269896627340572
0.5729714514565692
0.5326181719134387
0.8305938748100443
0.5479373302950755
0.464942703177331
0.459155567346323
0.8141655548263721
0.9836139726860936
0.21556059188650178
0.008650256940508805
0.33283048152259687
0.1478858423334306
0.584920582624151
0.22302704309149424
0.27200495156526006
0.1785852554803664
0.4510509893957142
0.4118693267810938
0.6521744778004072
0.20555737973020716
0.21729679437627636
0.00577099420360927
0.742065181407084
0.7673290778724707
0.45983676289180875
0.5300095816350371
0.6129450559526562
0.7350507731603505
0.5715623863126533
0.7248143550650401
0.7397421603828269
0.5552683383652628
0.09690316839450686
0.5572580120586895
0.5738783355876368
0.9655265112033147
0.2304891578350231
0.6400391091358156
0.2838319778589823
0.08434446874612322
0.6445504890719426
0.2463437774605114
0.37616485930327537
0.7800513534334311
0.22429563700897448
0.8068948796842084
0.6711251110561125
0.7113898488023477
0.07576244201402904
0.34759635418829526
0.002875362202127252
0.11165419967044199
0.06882895183891302
0.8893610368492132
0.7780968274765505
0.6145573842495712
0.7180971207511111
0.6817257950502179
0.22458139286070689
0.2857377545852332
0.35148107462705547
0.5461516714395115
0.08454304679489
0.6828507748957291
0.12113328699438963
0.7542671879114728
0.25444568568599846
0.5725600440026214
0.5871194734657635
0.6092619716152592
0.9933582836001105
0.0953148741818578
0.013444645704647762
0.9690546736088557
0.502654682759307
0.17631514906502532
0.8596990612615095
0.9450548038782214
0.3899448302313121
0.7888587699813606
0.9138180316651583
0.7091042952787506
0.1792878501389591
0.5096804355147982
0.4099751360905711
0.7995313096197332
0.39631386616171094
0.7484240633847259
0.8519646314899892
0.6197356429653895
0.6419166942820258
0.5884463738880644
0.08138580094743242
0.8580049495945864
0.27820098362119294
0.5352846287998814
0.6636759934257093
0.6848806860954698
0.3839790759809759
0.3825208010390375
0.719795593519489
0.16388324614582828
0.830349386491012
0.7630933728187206
0.32358130456966605
0.12212905431593923
0.06453970404676634
0.33949883889468047
0.21191817841048344
0.6632223741048693
0.27078779971112055
0.8454460920974975
0.33499036509696356
0.30343150463521995
0.9705464560836773
0.1582636873069314
0.9474168634665977
0.7825607788913774
0.5682978088165971
0.9153005553579001
0.7117633788431001
0.6137686426216529
0.2629080008646836
0.6838325730158473
0.6109111840380822
0.9294933680054278
0.9882199493251044
0.8984403510513187
0.5380216860949175
0.9793883979781155
0.08402041179010777
0.9947014211527921
0.26614687457399966
0.8756111548666334
0.004186788603572467
0.022890280936623042
0.8035671316241642
0.17277109278206937
0.9997908387667191
0.8893451982397259
0.9980921914442776
0.2685491969144569
0.9159730182995754
0.9899014759152722
0.34788441765102374
0.3776962201762313
0.8571112041883063
0.7619132816550669
0.9392231588659914
0.8257683017500064
0.9303702940912438
0.3867179291127856
0.2684767840159681
0.23903521045562126
0.39341474047659986
0.6244960572150442
0.6030334750543783
0.4834895919871084
0.8385804762505796
0.6222744543657447
0.42651342891391986
0.1780655387210529
0.5243040482210416
0.16454491541878302
0.18634837299893525
0.9108351968007095
0.17389457377687034
0.8431105231698472
0.9513679730198383
0.5573663857791713
0.20962345366338053
0.5476184468963896
0.6737624749748091
0.6523358378315482
0.6499672210826328
0.21020646378445085
0.21882680165423785
0.07977329463843019
0.6817646519753402
0.15270117402726247
0.74825772042967
0.8521972460902146
0.7919687920149868
0.9690904508616502
0.6472500306086902
0.8373777597898646
0.6290341446216431
0.4482682171787752
0.5306759025722991
0.8547978344259801
0.1938779612170114
0.48426236804793765
0.5527677146321734
0.6397365133528505
0.5449138307554912
0.02451586935885597
0.13741347383251712
0.011888135083973683
0.15400399643212848
0.5562112547916083
0.6600135975385176
0.09802105462780375
0.23012197098927856
0.5182697475160564
0.32106894630209604
0.20204818738475594
0.43906060972827543
0.1963687251413767
0.07598205941703629
0.4833496129000652
0.9778940450709712
0.03659017704705625
0.005310110256316336
0.4854152744270134
0.9636289523913457
0.2937315165657799
0.5310438923418318
0.34114862746581986
0.7447873872502446
0.19544360829324514
0.2050107665042573
0.9877317726601427
0.8418158073767532
0.8679124233560179
0.9204404574848579
0.19216570605728767
0.33186524856802546
0.05069867752647561
0.10342990885629799
0.23261749020117628
0.9131254016803256
0.976316245988105
0.5961554711457606
0.5383651827019619
0.10465984368126569
0.597050441114336
0.1295343437091735
0.8953084947207849
0.6108843243891022
0.48688312795495925
0.6536608332589565
0.34805389026525946
0.6933276870490984
0.556919565371939
0.362776407347266
0.18826648273405788
0.4218832775760166
0.2638133945356178
0.4422822561155684
0.49956018889107445
0.033758331162717314
0.08252735199465766
0.21611508955152825
0.21882117729974138
0.5570702730905829
0.886866353120272
0.729705261847407
0.6635842811967937
0.947204334637305
0.7086409343352472
0.7803037709561668
0.6315704208091606
0.19415469879153746
0.49798975499364373
0.7668750595546246
0.36636428986531766
0.49974693068573683
0.7792962688434996
0.7612182426260131
0.16937788676681298
0.669571174099842
0.07751902766326879
0.6686023927083607
0.7028860636488912
0.8791303320604812
0.39075258826105685
0.651998012902903
0.07705824598380484
0.6972184964698049
0.8039590297917413
0.4583149446089546
0.4836349204257151
0.9396445468640136
0.28012336856560904
0.987909301495036
0.22798631103686762
0.4380122900573712
0.8241261785944717
0.09417661917665365
0.8254335691883512
0.7783637476593027
0.09484771333368003
0.41208251031034926
0.703303014100746
0.5167805458296401
0.41247651878413494
0.9225332159287923
0.4550878439258055
0.6872456198066523
0.9737569225458748
0.4664555387649961
0.13753797291386338
0.33940977505428527
0.8527487426556195
0.6421753653745249
0.2561744901263716
0.3502416132594204
0.30021033283022025
0.6956374391734659
0.6814667556887554
0.5688075766960883
0.8169562995140333
0.6357064721055598
0.8283520645977639
0.6296078319559526
0.07693551374017094
0.7795583186641165
0.6767334769702575
0.5666556862620685
0.4932445577146294
0.42291853114942357
0.1196231147072393
0.0763680568148053
0.2161207990409938
0.6606392890729718
0.37300860360730914
0.773856831881312
0.37279514209674114
0.6673923943959731
0.3715133546730054
0.017055681794053812
0.9225781532723165
0.25798276794173614
0.6340991371402588
0.8733463016441274
0.32618885846162815
0.34479781811317833
0.6726004373071893
0.5056980765388941
0.13561274107389532
0.35541825791826887
0.22498515253098283
0.6998368230728741
0.5058708046873964
0.751729681150175
0.8601953670978743
0.3840978262998428
0.9945643058349067
0.8989286030681914
0.3774084055898441
0.06540615922231785
0.8439517777166065
0.9534375322816694
0.0809002365325725
0.5598810786818778
0.8334963851327245
0.9362073043415567
0.8969734513696582
0.1980646943231077
0.019606148982776794
0.055123302253927475
0.6801050732713556
0.1364489408959807
0.36454859490469405
0.032248953294477634
0.371183671821929
0.7534188830523367
0.9935874404035423
0.07537914191775041
0.1699403160606643
0.1783524285546526
0.12699891769464322
0.5947473934982292
0.43350216023214516
0.5490161193237726
0.8667056454940575
0.9554588058014356
0.9277748537796792
0.7749276340779097
0.8998202904890017
0.4428166503128954
0.7299159460935654
0.0732945374405709
0.9467760466818851
0.9199227110325627
0.026450226276040767
0.6979550346324286
0.841085620536156
0.9629525512000093
0.8456466433724517
0.8671042429079786
0.9830094918736707
0.2933529865266109
0.5953613495549206
0.4713164572211369
0.34790444770557927
0.5940591067741178
0.8860334589967291
0.10487701268917826
0.08489547876291881
0.8371453017832421
0.9457624078008361
0.19619796626906005
0.9048074645637493
0.96022691113295
0.09055291883806582
0.30232861944775524
0.613827160370816
0.10423301466791779
0.6838658915684713
0.4509028083641837
0.24092514376186736
0.2705677874851101
0.5164535754043307
0.7287625655418105
0.7181317628172788
0.937300626947868
0.43309492465681976
0.628838138561289
0.6590477148849443
0.16942716619158915
0.9540220418400054
0.09578367783211816
0.31945070744116144
0.7499590248813599
0.6099231503566489
0.07791001638381523
0.6681628119249258
0.7374708117273188
0.439724934063105
0.802480583849238
0.4001398612602426
0.6488923032956738
0.8530704130653756
0.6462379148763464
0.30706144653799095
0.49106099658638913
0.8690658195312692
0.6938367104212715
0.4911241480186376
0.5364500180202054
0.05686233410112007
0.8190654226108893
0.21962751426791638
0.7413677517902826
0.7684618199271203
0.7749429775918334
0.43742000832320016
0.5910117248593576
0.9222804063382678
0.15932300474427563
0.13209019124547483
0.4123475519996186
0.06424921787907245
0.5853822390373311
0.1326774492366647
0.3016303062369491
0.7852249399286588
0.004774153837480366
0.13272041910918186
0.904461778392747
0.4876195711249832
0.00018724264329861295
0.7875227438559822
0.8566024013495879
0.2535167508516091
0.0549542567841218
0.01501332004815048
0.7933244308229016
0.8400764721872098
0.015777519265475548
0.07318298121347888
0.16033095269054476
0.07361203554359108
0.7647169221001837
0.23230096836147174
0.8799590158223504
0.23807359450281862
0.6244286372711887
0.7148555070483591
0.1583370639139987
0.8661344180391101
0.11925205530232585
0.28168796490602643
0.3895370823179948
0.7398345393667295
0.7647720940984498
0.011013066538880567
0.5529050072043853
0.12284105493866337
0.557436339807904
0.9874399551677387
0.5618876369721826
0.15076168630786912
0.18339162041612156
0.07574185653922083
0.6403592907214345
0.17878774231693162
0.7299514219574504
0.18771539209953203
0.4323539941144703
0.02151268502858561
0.48747467161060387
0.8719596422998375
0.852990240185943
0.689109153590149
0.42919227640330104
0.9332039785806144
0.47913309750725797
0.4906311648859871
0.627537983876031
0.16444070495723406
0.432888874983575
0.865364124170174
0.8674689679600979
0.05379035576702651
0.14661782232142817
0.003461721544977703
0.055099319102530075
0.08626484965077197
0.22929330332562492
0.7228690909714682
0.22233067822602115
0.6743312959434302
0.1172544389759439
0.14978354037815522
0.99062529395155
0.7839801349571555
0.8332858938135789
0.5915006227699364
0.820947679280879
0.3223968393220491
0.9292303480968553
0.11889846768495138
0.7572293330340802
0.4197992185512812
0.04947630226118205
0.40353267825783257
0.335928088011179
0.9079699367080821
0.42978757233998843
0.8416474097903708
0.36368984648797753
0.08386394837125433
0.4063780921993262
0.5293926739116976
0.557930813188154
0.7135368308188587
0.21334271310973074
0.34992416291027073
0.12122720674130727
0.7043262641355846
0.8557012488281704
0.7883469822634315
0.3342534669088085
0.32095066411256057
0.816247153943792
0.8021292439819223
0.6750540334398167
0.28668521002077685
0.9538066132807133
0.0637560883814754
0.7149035992084906
0.4754629770013712
0.6944596447204778
0.6784899463731305
0.8045695632815394
0.5312764475252802
0.6195668221734297
0.9323748263602799
0.227124983436783
0.11758895952306736
0.06311285976792025
0.9633234210653538
0.48684409035915077
0.04469833653877997
0.895252048950586
0.6270564397439565
0.9300951205356782
0.5971850880573446
0.7211822729537563
0.2250413473967563
0.9968637185688807
0.21057124547655115
0.9075163599766641
0.6216590497402259
0.28524236548078374
0.7704041377819407
0.7943241481376624
0.09045466594307561
0.6669952519183496
0.13740959048515833
0.23902817133430454
0.6179950726218584
0.2685582358643239
0.2539365689639629
0.3678152501951686
0.1641988514441466
0.2621680879436896
0.8999722283904579
0.7128885500925939
0.8139386925564791
0.796941019852211
0.3265572917174805
0.66306622576763
0.7660975653399512
0.04434539612656063
0.14551216624254704
0.7239000303762545
0.9054380281418846
0.15185609235434028
0.5413657485370157
0.6287866999051684
0.2590297852685852
0.79528718863019
0.6783210706833374
0.6747020475945521
0.04506295930450688
0.3411735569846913
0.4091533108299149
0.5030210802994245
0.6957257253391527
0.2956027600556659
0.13918649392390092
0.9928237518115247
0.28169417604224156
0.8406511024228626
0.9258421433402529
0.18335350350389068
0.6302399683966655
0.9259597901754258
0.3469524393807196
0.5124345854386582
0.21940452111435738
0.9758642234718565
0.20547233436233314
0.3357271828735634
0.8710430487302394
0.4590453360752289
0.11591241046079948
0.5283750222136798
0.7717590512908747
0.3136446389109909
0.5547717082366871
0.28952835800956955
