0.8140884843699526
0.4693111511018775
0.3980432594899893
0.8876258624545537
0.8323748344521907
0.8629195911605848
0.15843476735422912
0.6764885562732301
0.08606380776458256
0.6402035245561217
0.5634547846863657
0.287332382857884
0.15330350468587095
0.43135185609397453
0.3616765103030761
0.67911522439088
0.1116029846658313
0.30962908368920306
0.9134600404182398
0.24869355790334635
0.3225154758293671
0.012656023580022047
0.5986297592905742
0.5629689899384609
0.37103878746782715
0.5787593518346617
0.27019589198028704
0.019174988904063994
0.20224068167437237
0.2502863754055479
0.3980812063522863
0.20903773497302558
0.4212879347489542
0.20205514064977093
0.7563813165727352
0.30827147547224354
0.6684564002577944
0.22556922493418563
0.2550759812692114
0.4903668625848061
0.7987939650365491
0.5163525048839102
0.20602054528558755
0.8603678343357685
0.2506172218466549
0.7078530977092052
0.9055503342809674
0.9333593562129862
0.3683276765397937
0.6666766000640709
0.027867960901723943
0.26459050519003824
0.2787409610703403
0.3670438948656146
0.8180248010345116
0.46518961420450156
0.07567504848298945
0.7353947814810754
0.1864973216335717
0.1023110980900952
0.5133329902160997
0.16481612724406203
0.1896258608357707
0.7473400243294049
0.04364745239530343
0.01886404748166637
0.12655099118467306
0.5329693662360049
0.43411302750914715
0.43499368221390655
0.0813724021680381
0.9991446953086864
0.7806251194466862
0.5195291185176675
0.018445163628940997
0.38469500189963013
0.5262662395116969
0.4638053430667599
0.11517654377000575
0.774506547021427
0.7636538602806023
0.3937047914842554
0.6335496402593817
0.0823758476416292
0.8114068600237199
0.23473047610597253
0.6737571382726544
0.4478388876963135
0.9454981590619906
0.4154871698345487
0.07723241447725415
0.7401794174368741
0.03974162935927883
0.9340987493643819
0.8686367118919536
0.4997050485693163
0.8814621004357329
0.5938432845290935
0.3645457627250639
0.6928808397836678
0.2572229351970653
0.42766217910675863
0.8805631119172852
0.7244383812474667
0.26415412070654776
0.6651271156489752
0.21457265256877422
0.9538477120584767
0.476967057168726
0.9509825129256511
0.4163153301735194
0.6882411831943894
0.4424105242159544
0.21095296399707408
0.10113170859022858
0.9613904573671304
0.17291588363212795
0.8937710329626657
0.7598254726096266
0.9301658353360036
0.8301412332145699
0.9664072079109702
0.8735951650988296
0.7109304122164083
0.9912085966829753
0.6744985067658107
0.7488866320659474
0.9451199380311722
0.6070662911675951
0.8938711648984199
0.5480288524181682
0.4464028024059187
0.3225361913288556
0.6529832377598328
0.20536677265068493
0.3214917715354697
0.3690406446370925
0.1071027476677946
0.5324668679778343
0.726395122473543
0.33415855214452084
0.12929068105086428
0.5480568373163808
0.5297178555622136
0.41238472467294984
0.38680525227695184
0.1929600944344374
0.6235589578851233
0.3459762119585186
0.6705284123041539
0.028009128340078848
0.15945005578917493
0.2879000319720324
0.7091627608322458
0.2565821485995743
0.14235037245388094
0.15795485796637632
0.9047788239629473
0.17669767435391504
0.06979216010674749
0.6013641337020067
0.1999946035579605
0.6784679227731649
0.7259736415621925
0.4843703539298071
0.9143832655049324
0.37970475489251077
0.7606292321534894
0.7607922363936458
0.9432229525677597
0.9002656474691968
0.2767364384109301
0.607984900402834
0.3849988134600755
0.07907305765805206
0.7353009251178876
0.604076070127562
0.19424202458190576
0.001468534865209814
0.8618099796537536
0.09066959842883437
0.5793039516323796
0.8147340163769632
0.1695245366275262
0.8548900118570906
0.9426824242309714
0.6733085461582087
0.13287811205324496
0.8250121279926573
0.7829287961343433
0.28743956636451573
0.9759534106155363
0.8522725730670813
0.3693768921405307
0.07553752824093152
0.33942358479884016
0.06113617007366501
0.2983866184393885
0.6339105782964968
0.1976861480191764
0.0631427264754848
0.030744371209051158
0.889663366244399
0.783268680045721
0.9677336502185196
0.8989703229506549
0.6313366470946412
0.5211325006551952
0.50547509010098
0.3806137813522348
0.4293634838439724
0.26280556342000905
0.9848627377957718
0.7127715090305875
0.020401823825730525
0.4859368613072441
0.602295577140352
0.6391142575271745
0.4449370364844708
0.2342193263269574
0.5741384202317159
0.08909406983053803
0.6739485749999498
0.5690905421518236
0.15708147548090934
0.11983385081722064
0.409430048281057
0.4581609361976434
0.1997124584450397
0.20387685377597387
0.15793555653960123
0.4660241602513556
0.8515056787430251
0.7917663433134127
0.770546131352891
0.2594234066933184
0.6088612274105625
0.3496170776119326
0.8611854031435422
0.19394011864550953
0.3385120949856627
0.012100817160692778
0.31036109128944955
0.8860722595797994
0.9682387547591397
0.6071909573881507
0.06879566196533227
0.2742899550949023
0.26332686894009616
0.18680718154266052
0.9261500379348969
0.34709013563515234
0.37763016754916856
0.3046714864688995
0.22784121458318685
0.017851139864134113
0.8043343388858814
0.8520442551719907
0.40083723509375424
0.6111988163369804
0.9095848033151982
0.1978670832211311
0.3688687646371829
0.32918775694210933
0.7167483870799777
0.22877817637218179
0.4941619085785226
0.905336893519895
0.6906909001345007
0.691074474633186
0.18569313738201276
0.04319576597066144
0.5273715268036515
0.1693849529886966
0.0737632849582982
0.6103512898490928
0.029802186337103853
0.17559646044073807
0.31663716028836353
0.8704179816354624
0.3344052493876315
0.7342329797457153
0.23597415447800074
0.008079174400179023
0.7057843533803045
0.9449268610595852
0.02940580188681219
0.6912256300255503
0.19413789521419467
0.5093163944573422
0.2709666940854635
0.15810222234639348
0.8243054212660419
0.050221461863696915
0.4938094138323228
0.7698433744602656
0.25013895055151025
0.49684228176810474
0.329144078408638
0.6334063587576005
0.05440735930646301
0.5611960908449423
0.8672208418688804
0.09361902515714915
0.6759737449707525
0.41518248695335347
0.6448322887010459
0.41672563621682246
0.5627695008656052
0.5217213159158889
0.7048593528374699
0.3634929927927735
0.9732841685339498
0.42217326623038987
0.013629709422325664
0.8159578266694322
0.4847249613284359
0.10648657123090055
0.3760047921330708
0.9465315466493825
0.3131776167153941
0.5311283221380434
0.7416384172852567
0.8622824950284907
0.28433706218841626
0.2035271023999159
0.4235712500578116
0.3576145954927178
0.5121503554067894
0.8826345115732818
0.706599570310447
0.7899594504830301
0.6951499198238017
0.29256909409506304
0.22652646763158268
0.7825948743623073
0.1405767770987102
0.773053454219944
0.959998359911828
0.7840956184773964
0.8018154663461158
0.44448084033417845
0.3292165419160282
0.6246154999135685
0.6744053495404222
0.5766627517962778
0.6991711647507736
0.80180373638006
0.15702016843572641
0.7334119011340885
0.5867303766727356
0.6872479466127124
0.9659303883495258
0.9540082319317099
0.0792503819041156
0.6347924218119385
0.3270902037677548
0.04356012969157419
0.5660875847732594
0.4657309050850619
0.6361602362380675
0.23461927253709847
0.1958578442328952
0.7018150608245417
0.7751736054106884
0.8464101962494627
0.19959776971041898
0.06642752842850419
0.7772183581197849
0.934750826713778
0.7832096343172984
0.17788491785057203
0.12700454529598226
0.1125444240198078
0.7987101869975671
0.6889607381736981
0.24630199223261318
0.8378124019764608
0.5199220490697483
0.33557447087364545
0.9257734554810688
0.8057711874670451
0.9248116817416314
0.8758432070325953
0.432363564905898
0.012500738744966156
0.547957074400059
0.47093909965802594
0.9209890143438715
0.9551188593735773
0.06543211951987826
0.34754413824214414
0.285890491621532
0.2913598169614977
0.2776466071111482
0.48457514702299453
0.8112202236060072
0.6748235230867348
0.3922722201317814
0.5336238311066616
0.30624679540382893
0.4091796005562921
0.780422045235662
0.914560479531725
0.6634404146246057
0.37207494296500454
0.374022145961148
0.2824397594098983
0.6087511230071051
0.6628170546341002
0.3181744549075256
0.9139420172527485
0.6590246158635866
0.7053376856151173
0.25576969460078947
0.47447321347132776
0.5905657480701557
0.6737233637799732
0.8696286283388945
0.5763304595388298
0.6277963765423866
0.970601230860271
0.5223036088066345
0.23351556151594965
0.4614382173960746
0.962911417135494
0.3883999831255509
0.4767050300534008
0.39694662309076745
0.12863129101969328
0.6096205197532042
0.9533843544235976
0.11753645544482094
0.8035408019312394
0.7702360045141097
0.8634298172574302
0.10374562151485778
0.5640632452223812
0.9446082548523071
0.5735270633466915
0.7180565459420718
0.1675919346330107
0.8018251639848449
0.5484926229324963
0.7131654496511997
0.42032923915799947
0.47970551674583795
0.74059469460276
0.0027056482638047052
0.16393495357958265
0.6673856028280464
0.3865435489207981
0.38054737026842456
0.5358402641515261
0.9906650196475102
0.42209792787377853
0.36626020011814664
0.21416512589137537
0.3329192456203346
0.7109714481886644
0.8706515532417052
0.7210754115792052
0.9053814879480169
0.9142072680579675
0.26817188614835274
0.5905864261466766
0.597953742818757
0.4748765174046915
0.95103278871044
0.3309745059211555
0.1489396209341466
0.6315753994140464
0.9912123080306902
0.855472810295849
0.9448514413486846
0.7492511368790729
0.6918183597663208
0.21944589357042688
0.6784599237225643
0.5898263120179572
0.2586696996265144
0.11816981554922312
0.8895494917401306
0.35385696006124656
0.00602712364244784
0.6755970436561678
0.8787767090897529
0.2978082226856139
0.7138514260064611
0.9336087490332926
0.6781452824827151
0.0359714019928864
0.8541943581844539
0.5416988542596836
0.5897466246470343
0.6759940144866441
0.5943158915854891
0.3050339223654861
0.8612662810391947
0.8020868973024897
0.36275808355319616
0.8230610026159407
0.1349593830143564
0.4588805063262781
0.0034916970604534914
0.5043667369430557
0.36180304730511403
0.8754172703689875
0.8553532230596255
0.1800323604756059
0.5518902557891376
0.30911663885970864
0.5871081693054856
0.8585807674256057
0.8468360218194423
0.3406622789767967
0.1754904793385843
0.6821593177627366
0.6490626251831465
0.7906237469153012
0.711627725160574
0.8233515843806635
0.838599028124509
0.7486542892800513
0.47556248591026806
0.7603190729819921
0.062154774773826915
0.9883658863172935
0.4945615968030017
0.061455663044269304
0.5453310397501608
0.7694221499951576
0.8248438118746863
0.5351426236220448
0.03170415057495013
0.890117892649408
0.169156602196759
0.6737951374614287
0.6561095449102482
0.6704713415825514
0.3438506840423837
0.19235996787264364
0.32129159275818553
0.33350069350147515
0.759602407903487
0.35937353849702136
0.018281647839558213
0.5850234187501022
0.18161343302671484
0.7530999838457697
0.13662874572706551
0.7748511114623354
0.7089888693275
0.5917144011163303
0.19247696486626897
0.09454131230233576
0.7124833886242863
0.3918243161060502
0.22691383724732428
0.5382659952866792
0.077396807766977
0.002962077093756288
0.9998068050252592
0.916690227968052
0.1960248094674043
0.8314148357465079
0.2988007162810732
0.946799403979292
0.6946206804897728
0.772968199672829
0.5551776768611282
0.589581326830664
0.341024041046298
0.3200892284172283
0.24680068411601142
0.8436701493127577
0.8698481995267132
0.8169101994576884
0.5510260285754905
0.14761242149458798
0.5458250408141633
0.5682447451267895
0.035115417166810325
0.6719790788624453
0.8076135788771898
0.8419609063831974
0.6015600883316338
0.7319962774891637
0.19356862122900753
0.8424077618497651
0.07280598036899733
0.41774305734753514
0.4600813060328819
0.38367440979769596
0.5988604811396979
0.9341691887916288
0.3430797551431898
0.9735138982905804
0.24011767349253643
0.11061154756242686
0.09731628474469833
0.10636714443963147
0.9401180999386521
0.5817799188300742
0.09927522469926009
0.3699979741710807
0.3466271105231056
0.48120374287628176
0.3454897225663861
0.07732887545608258
0.2506024392809394
0.7336814260483631
0.5533163769309448
0.004108476064680455
0.9551258069139097
0.6556163178406829
0.43051827377060514
0.4042790879299677
0.058437163957514415
0.9724819790694081
0.9158457229916258
0.7236976062734292
0.5387448110608308
0.9072597033270768
0.312562958374329
0.4293998052581868
0.07203521190792284
0.8613965116806245
0.6581043683700982
0.01401623837606758
0.9058294949677478
0.8714809622578193
0.6876818464381778
0.3547444947889693
0.06822985121933822
0.6115188526311715
0.17706427221078136
0.2620026080288945
0.7732013936082992
0.346125202917255
0.5107369250837208
0.4390549313584051
0.2621005598969003
0.006533046089461925
0.6874677217474799
0.6161121965479157
0.6260040614442253
0.7867830030611069
0.04578154724390682
0.7742892597183199
0.3202716062966513
0.04982390972122164
0.15199758515634598
0.7776062126144212
0.7613601212027307
0.8351135959516942
0.6808239945288554
0.296355089005083
0.2607257478091619
0.14837885572788867
0.5091742581232586
0.12906843584613292
0.27255831245923046
0.940198651204817
0.9512231626328903
0.2525870110020112
0.08296368471414473
0.6725733695603352
0.8552260446105937
0.19344510564992623
0.26086049290636415
0.5735234391002166
0.4671997480864629
0.7915307825841392
0.44598995596016755
0.4732839428051634
0.17472488022097454
0.6420983653084477
0.8893130770572725
0.46018226177970645
0.8947673932122193
0.7315325541160492
0.044079839171078494
0.21140417528938127
0.05939157399503603
0.8375446289860868
0.31216665191199633
0.8831115785745423
0.15705291701233826
0.6105760442875234
0.0715733664270789
0.9752740097516628
0.10101564429662324
0.1156614195651926
0.29999085940813897
0.6060405575171068
0.8298940178724712
0.060838346789746756
0.20635740883663578
0.5387237313464729
0.27508627955268306
0.7095732109677042
0.277153324383582
0.6832046236234814
0.7196476008037401
0.620515507705926
0.5024090504178852
0.10463305676449752
0.9773184361799192
0.9743742628776485
0.32597337656817904
0.9727100066686322
0.6622529003243315
0.9632784479474881
0.9801102014700511
0.9437335496424337
0.5728245727464957
0.7435426031069873
0.7561399123590232
0.735341645448487
0.01201233021232817
0.3736097122751143
0.14668516144740862
0.6467745827715886
0.8831335780460303
0.7508168156885732
0.16222821048968794
0.7061307022567398
0.7652135469655053
0.325948919823119
0.2841147765771206
0.5857970720071035
0.7564865806186982
0.16381788222595894
0.70069456452442
0.8363359550166758
0.43182096165616013
0.6660435410892404
0.3002262691961456
0.7034071089269865
0.1570681564834926
0.6259087366260505
0.40598177035067706
0.8337485242754628
0.48625706859515117
0.006926078310815154
0.5371041617852621
0.1773823824402282
0.9902621335811083
0.4970864465348316
0.3415135918472174
0.43146254503220927
0.8644200909419517
0.9771332389396155
0.8592155041999403
0.4363621680241446
0.5266192065231827
0.98879516246579
0.09642227532659875
0.7484883847295015
0.03301119213399306
0.20825178698149815
0.31001648962178463
0.6226563597578182
0.8787478572424182
0.6458528104162099
0.6561567044108206
0.1993838542336266
