0.28558152163521855
0.4669740986474058
0.8432592053166144
0.1380050335621298
0.5164582061094528
0.32568167062074305
0.5786578145849833
0.8104654986360793
0.9455212310470358
0.2262171349103832
0.40274417825924413
0.01609885744586026
0.3591276867828975
0.26687526569796716
0.14070321170966738
0.8155883112575196
0.63578481641422
0.9507456412910127
0.9283724146770892
0.7778170579404344
0.5854770268777121
0.14844571399802464
0.5392425843453451
0.8812612449535375
0.4272705946083746
0.5643389591596534
0.6947607204980393
0.4874934740135439
0.13868115003081505
0.7793349952806239
0.06852356495186707
0.4083778981009122
0.6656917304637373
0.29544095812976867
0.43771117027715334
0.8346395522815435
0.737160025293808
0.1730714088964158
0.5739657704709666
0.1178100351717638
0.09593736243523465
0.5985498425386074
0.6111591873674364
0.8844981419616571
0.9354244633388574
0.9399655932638346
0.9313361031700755
0.13821956850364414
0.43171392296936406
0.34728662051753356
0.5417798990490277
0.8837302040961253
0.892111402496942
0.8015721911327034
0.2675773794627717
0.518661790079343
0.9800282181169458
0.25704027843362276
0.8575555037018318
0.9713617865157625
0.3555641693510603
0.22249507298351823
0.26425341209603403
0.2450192390279745
0.2376893410223192
0.3644076772575181
0.08673045591830231
0.04653275289661818
0.05584139981427594
0.5769723897949064
0.2605043066186399
0.7902966105480546
0.011335285495260083
0.4757672149678819
0.3895879206542291
0.06348547593057596
0.9308267970241298
0.6512885308214151
0.059318677717744905
0.05748776101303066
0.4473572060664781
0.09422369348991422
0.35115467269184386
0.4941208067286703
0.6656942836767523
0.14230018281294
0.576016016004378
0.00821629285812786
0.5321567335580559
0.2161984541128752
0.19410800231828484
0.8491144360625387
0.6100193914829908
0.9996003117098601
0.8178574495297465
0.12725501901651814
0.9430593723767858
0.6057779689016282
0.17977432463735343
0.9376919642908569
0.33122433302104726
0.6387547471944499
0.008995830474348154
0.8615907138352993
0.23122485110518332
0.6891551864195359
0.37917046225494666
0.6864288012958267
0.8320771359339043
0.7350211452128578
0.7015265882253772
0.6288926310617793
0.11421643383973701
0.8002575394224768
0.23634851210740682
0.5843717830369307
0.3064572266342578
0.040656242964394074
0.7097082310448705
0.36374348298445824
0.6343924102975748
0.7189055434492099
0.5383079376329268
0.011766794755956544
0.487100932448722
0.8741206241002679
0.3379977959824775
0.46107239085233687
0.7126644519844351
0.05437939323905572
0.3846515565558646
0.6833239353007301
0.29576634615506014
0.6663517017938484
0.7925324079224461
0.758125022300204
0.18039619741669277
0.6618955516790235
0.6590611546690378
0.6656259235855162
0.11609009941395698
0.3534625729876254
0.5734881680406531
0.7758816394675127
0.3077671175379313
0.7511293626349291
0.23737731507573578
0.32780920789641155
0.19562608494079048
0.8822231261718205
0.6616445335425486
0.5859159636269677
0.40348917180415
0.21186957235537518
0.5323959466994351
0.7153060632755115
0.571024610223343
0.04639187706045267
0.8855554270666023
0.14620210272697176
0.1999289031718463
0.48583193613689446
0.835322444860626
0.13775052840866864
0.9545852549287965
0.6317663961033321
0.9167932855965272
0.8668215712007936
0.622516220458509
0.9906288778049008
0.3853216090960855
0.9746454851968127
0.7719369622384555
0.3625969043975972
0.04166860045451137
0.18091764650138786
0.21850990865420117
0.6151120032747268
0.3379556992855781
0.7447423971152654
0.6540425495511494
0.6442002725954526
0.337223556066372
0.7220516020159072
0.1930371301604642
0.21487903481771486
0.6669628808474353
0.02493912364912043
0.6691445118680458
0.7164019834163129
0.49846957162683947
0.5781144457593904
0.49924652831314453
0.9611677378554047
0.39939964862971
0.19346226581308312
0.9986438801431314
0.3569219129992556
0.9137610880718224
0.27051230263112724
0.7028927049993474
0.5476307446242876
0.3406011452936313
0.06469053711631145
0.8880253372958149
0.7143741773939019
0.1496637119647628
0.7138336662060786
0.6476840700106178
0.678556060010051
0.22833612126405722
0.19524518635415578
0.6542567286597647
0.6269853928976028
0.33864352393607333
0.4059272034252578
0.6726121696930911
0.35483205250145156
0.8669894734481404
0.2539078958683074
0.5252028122337633
0.9099056136668476
0.3074684203690684
0.8586819078728708
0.47424278246067164
0.739414858732494
0.6370953926308554
0.11629206128509917
0.16382329626527847
0.7812373398054804
0.3936130634124291
0.11994291983899907
0.2287487465984821
0.9323251904117127
0.42586403612274526
0.6521003937333781
0.04003731705364977
0.8361629692404414
0.5332759420998949
0.2608982968364476
0.6804318654746643
0.8153963900213326
0.9048694412005176
0.055548211336180375
0.41080390269340705
0.15258890566628747
0.1957654040146074
0.6965728856947399
0.08886111771478677
0.3420562260648121
0.9993344668060761
0.6334221964963234
0.8213141900675546
0.5840962659210717
0.22894704768857976
0.45964500350090387
0.4122961594009118
0.5933599949275562
0.3883738888689151
0.40495881227230035
0.18205521070632424
0.16741636904959734
0.6936539835891427
0.6774150708401172
0.4624868101215217
0.41396146671386647
0.11932232191747516
0.6632440539237131
0.35687365826475803
0.33027216630181866
0.11246272908559629
0.6852956768581373
0.9419242410414486
0.5205132351262963
0.27680310727306323
0.5932824760731301
0.7996551365735913
0.15179013869217672
0.5599414011693733
0.6992118316984361
0.2809223955732676
0.24963076909760207
0.28391270839100613
0.641900670374947
0.34346006081232194
0.33539654730849155
0.9019769333399025
0.1210898025528443
0.9654555397026219
0.6960438373943382
0.8101939314760381
0.08405364719125696
0.3380343139719082
0.3187941510109724
0.3202225291500721
0.3131001067728224
0.40602874895937424
0.04868977948741593
0.5698228548854547
0.41393177001179426
0.13120279653146838
0.760755225668144
0.2127366531506112
0.7180518534054177
0.3871068841367834
0.5677124824352827
0.4515817729653726
0.14964798890169917
0.6457214749199998
0.8751595682714802
0.18685411054272993
0.6250488792188856
0.805962971849642
0.32461380537198037
0.6537818334753288
0.29364710591352816
0.23006955477035085
0.4488982577574022
0.24391313776084833
0.36222793199581427
0.9674644407831208
0.6966315760778256
0.8078027772985445
0.43634432052076266
0.145358905052001
0.8316787863344034
0.4932235468187002
0.6671000775781489
0.3761864828155529
0.3573469370723058
0.011056038931472667
0.2696367269689458
0.7244857373278282
0.5004576044445052
0.9016470649481301
0.5997393812052318
0.45371547636628273
0.745712651305756
0.05931133615016437
0.06923369802681323
0.4785272525405847
0.7752056369831497
0.9909616324210104
0.4049087693567678
0.5727007185390055
0.6336035788634339
0.5098634567992911
0.22959470585333164
0.5331045048898785
0.08455183836692659
0.6132434590721434
0.476567422313237
0.6337595727747135
0.1916437276841676
0.793503178113365
0.3415260079879061
0.7654617054423664
0.8210385323406018
0.684369728760119
0.21718138766813577
0.25121224156162203
0.728370871454296
0.25414731075783403
0.35713109638184104
0.5977387965806245
0.870112043109378
0.4251331747171112
0.6028312045459225
0.7750753264409513
0.9285190849388
0.12913973821016655
0.2814824627927893
0.31974234031751336
0.1769610364166353
0.7087345731691336
0.5408117771205642
0.9171069793343691
0.8881404426436511
0.6574076088761142
0.4433481961132252
0.08895940061136831
0.8475167793624723
0.2501676455511882
0.7154729560514963
0.16122211504809536
0.17925698471585594
0.1491562774522761
0.3202077685531727
0.40170860566738
0.5821593293057199
0.3743475525897104
0.8033243876963383
0.7788871186764649
0.6364806936537026
0.5191344664634377
0.6564515052346911
0.5464047998590441
0.8614469053878044
0.5039785911729145
0.11715207627259228
0.3806104007926102
0.328929201738799
0.8187286779201458
0.6651093328514321
0.5609515379170295
0.6532029270280809
0.849479807271935
0.758638921877508
0.5561487813896449
0.9691366542762262
0.0009007366212829826
0.7666499170145517
0.027677779873208408
0.3859789704613704
0.645379619496158
0.8609593260748312
0.46627010593923757
0.4924086937671639
0.4253428248443716
0.5948123892737488
0.6890081477223317
0.14118862344559246
0.2528642202686646
0.7432410035876136
0.9246250635010036
0.7411235857748187
0.30562868949713584
0.5335340119849191
0.7683923038006818
0.7138707891634727
0.7985733226316047
0.8403287832934462
0.21111874319643098
0.9425487626158215
0.3148626266992973
0.7195813016750724
0.19047646495207993
0.6986420674898899
0.3479601448389531
0.6815406934559121
0.7943473130840975
0.008649059911635115
0.4648642178641307
0.6850334820809819
0.4474570190500565
0.023575485906587423
0.34296924100608617
0.04269870842918688
0.11972851933356321
0.5132214050965102
0.22708483778951394
0.24334316327068262
0.5548074003876654
0.4114088015902502
0.40158320707835204
0.3225876895160654
0.9137476129389687
0.4357489822144144
0.2567703078043433
0.1484222176677068
0.5401130371040244
0.05473065092516949
0.6731260214949075
0.04068112463066986
0.8823752113620559
0.986833812863767
0.21697477264216636
0.22002195533822677
0.8561725422133388
0.7920208989385691
0.6413146894626549
0.8814665294603998
0.8414385935824005
0.660659037241388
0.23364352681592648
0.3450857648291483
0.47199581927841805
0.332765192127332
0.9780999837157472
0.5403460660554501
0.001757849030868619
0.048336015895413476
0.823379822192334
0.898569063958492
0.3354060579390359
0.9535802805112976
0.6646212455953315
0.24087886450588114
0.8426122065610678
0.43241685153277587
0.020665080495084864
0.14965434878871486
0.9993097478808852
0.3337701743603896
0.7807677404775563
0.7851079857408894
0.20021852682100294
0.6503821767222476
0.9804210975527189
0.9860692978020833
0.22906149341341409
0.27059538379873194
0.09664389741884372
0.11739036687528026
0.5147008398919762
0.8913180174440822
0.46267596425174773
0.8679436387982198
0.5185360924969447
0.12070676311231843
0.8379026597174513
0.7003605916766069
0.30960404603043656
0.042670073747758774
0.056894788300270616
0.35113294080918855
0.9683102270987696
0.5734392191766331
0.19314480495355069
0.4362975224957134
0.4307833290424873
0.5543744726700469
0.39154883537824525
0.1413882351090454
0.2668392903585466
0.5473200493388061
0.9676623672710931
0.37256618425730104
0.7603832550319624
0.5699988202928707
0.9946856936285058
0.09271202362364483
0.9986982052387395
0.3242057708486811
0.5685360379786908
0.08156855257414897
0.792208564388185
0.037581682203706945
0.6454778387085015
0.2759545311407007
0.6746159677473998
0.5788058267472043
0.03946986972925948
0.7371265568011254
0.38242983766641847
0.41968835026635487
0.24650613160415746
0.3747295547204682
0.2850247392940849
0.6536160699347305
0.1920287440608981
0.5273445951205299
0.5008630133555534
0.027259160228246593
0.8068852601952068
0.009661646020399983
0.8614540125821217
0.9253523535675472
0.4436640465096129
0.19278420372616767
0.15401141268059748
0.23611945390316047
0.6190740114608632
0.044702927406601645
0.4388099359744293
0.7514522236502946
0.17499497796185048
0.17383974346528597
0.8243054079186692
0.13825993523955116
0.1230718543289866
0.4515620367154849
0.40214881264535307
0.7943474570332203
0.5343559176867565
0.24174611761394582
0.609681890184034
0.5223722585264136
0.8815808504349194
0.3007883848063855
0.6840008297364195
0.49338820114951343
0.43026853699187395
0.44514903208165046
0.423114375443049
0.564720721194457
0.5340914755980484
0.5976620102340287
0.4293843593140634
0.5772210021156817
0.8273204751955627
0.44268414940242007
0.7055944726861245
0.9219436402168297
0.1660739043452374
0.034620938684893576
0.958231478887298
0.7355613657445186
0.20972199300026761
0.8733229124362707
0.6551061596844175
0.0877482300055007
0.8196644971625133
0.48149067107571786
0.340223399231542
0.44247193369793025
0.5874578760907923
0.06394209257498162
0.9233816581860044
0.9711293061573333
0.2144044376813362
0.8607531810091581
0.5063740773980198
0.5048564002410432
0.23203528995127964
0.4636803572990805
0.9297532617172745
0.9780007893844033
0.08387625649829344
0.6819305307216514
0.6352039659309404
0.9034514394417348
0.984452973760188
0.13550459956101046
0.6791833406812714
0.6324616751617346
0.9233488221326129
0.8351818596150433
0.917002734622649
0.26645647091089963
0.9244877884698187
0.4530681727925475
0.08839753321534805
0.14200794428110197
0.5606682930649632
0.8341660396118026
0.23077395348936824
0.9858384971474266
0.11522022937691201
0.6296154241645245
0.5922042009714443
0.38739072927884777
0.7482696115587353
0.654170137897143
0.7760035346469208
0.11285345646508171
0.42959108382129185
0.5726583606173676
0.923105700937557
0.06452290405248762
0.4018857252062453
0.5548407806040924
0.3661951471252294
0.777910626851566
0.9040750124388862
0.34993841619833155
0.18587596069079992
0.341984642313542
0.9282680115487999
0.013168776699511331
0.11527332082113195
0.972372921077684
0.8025566261453048
0.6064252173396792
0.24769203598279987
0.5705489270117167
0.6607240361857173
0.423401672673021
0.9705778571661976
0.5663244056748591
0.6032028224397691
0.4123325674431261
0.29440654476405026
0.9536537316974394
0.4208262771475799
0.13380618258295807
0.5614830340670394
0.920547192322357
0.3792257264076352
0.9450112372670272
0.016656050431212988
0.14176209675095808
0.6669567734640552
0.022815647849800502
0.5998968315697013
0.4816157342335291
0.5279501846743092
0.8543449283907719
0.5701578687497307
0.1057465772339995
0.3367263375210473
0.03755746908091673
0.5937575040088712
0.963002312698586
0.8130272470944736
0.46424492120957583
0.03494923880880396
0.21088581957582087
0.867556965344969
0.6744750944325639
0.24267494711191584
0.18741441822968763
0.5336039252073493
0.25861990612757424
0.015996303717926375
0.04799150329731594
0.7892097613291836
0.30460741956086945
0.3564461599329102
0.5802068073931317
0.6470762420056684
0.812984702762201
0.24590823289067976
0.6999029592215746
0.041642625390628796
0.8102603333492154
0.4975764386916256
0.5609916994751493
0.2704017374898484
0.7796721415511484
0.3769450528993581
0.5915609362304387
0.46723343228081526
0.9557783057082653
0.5738019274464616
0.9719747502337692
0.9303147649568406
0.8587115072709425
0.5622148363849135
0.16915859317310733
0.8350189465416864
0.8820374733215074
0.09164156017869007
0.3164615986915771
0.06639733872686027
0.5367050237936484
0.43928957346825603
0.38908763700582083
0.8408323640638515
0.670069515910793
0.5023467214507371
0.8457454051144737
0.71080294804637
0.45988711345281164
0.5022804142989982
0.5509510534862357
0.8655129444287751
0.6450934902905361
0.663213826159567
0.1152621382316088
0.39274964714053584
0.06927236439182816
0.8699311221466436
0.22307905130401318
0.7293103443155056
0.9222023881165258
0.38072774033979295
0.32177083048162614
0.3891050283178007
0.6910002161430411
0.5675995479792204
0.7636537310005322
0.15617256792315748
0.010198289748003742
0.31322499498948475
0.2504068370811042
0.1000700840478399
0.8728798083689834
