0.6061265962132083
0.4445561296959789
0.624048415588139
0.5758844135226471
0.044303005189272215
0.24902364093425156
0.08244735561377936
0.7596721798216912
0.4722995874107164
0.9348415888083788
0.8080487147097154
0.603067510043497
0.7916404261785746
0.3057958896122698
0.6102220349943844
0.04726027286169132
0.25927623937800304
0.08488733886392308
0.9170315996546551
0.08980184279561143
0.29774534286154686
0.1079626104026088
0.6105433836799472
0.380317610203294
0.8207543300343837
0.6738926337287067
0.9056477391690845
0.638918608733552
0.39620498713313457
0.031855229941080365
0.24023750683592093
0.37330603400822304
0.42124848537581294
0.021034863974348172
0.308761806413256
0.7481127697288463
0.7441992754435667
0.25538982207444816
0.08070297980070129
0.4376646906956443
0.7094798449350797
0.4688948597358401
0.5212321204322244
0.8912993141827621
0.5827569701798712
0.046227115400272356
0.4087891443643832
0.5506149058868723
0.18820551478123138
0.47653487812124284
0.802694805012406
0.842652546727287
0.6052023039454771
0.8138761667973468
0.017661064389413283
0.7715869037296481
0.29518374551624926
0.1475167233118817
0.9714087672439081
0.01093869503855438
0.6621623038229054
0.429852478922913
0.9327202998895504
0.06896252427484562
0.21412082269048516
0.4990547081235359
0.45637589186941907
0.7650599100898219
0.4391107432120843
0.19636767370531683
0.45496488322088313
0.40048983098966706
0.2810623996594881
0.8208690238997838
0.25815392538272175
0.5026124143028626
0.27964020585243254
0.6361479753943897
0.5606773235839431
0.7449855089293556
0.4486284773086666
0.9615645790679771
0.9925705957114395
0.6899602067584569
0.8979439323658059
0.04683745329323408
0.771734581619931
0.9903657842736577
0.019767709765376562
0.16855944181477178
0.9009078203441587
0.9039529309016584
0.9433169392480513
0.3093068021024149
0.5717102849651515
0.3692778733038041
0.6365590979152422
0.9482682279507463
0.629519220449199
0.27631352078316496
0.7065651083937182
0.6494070265882385
0.2773399218548177
0.6173501240494751
0.013330807487418217
0.5869027785096347
0.39515777159653387
0.4304885975665689
0.2903756958853164
0.8978457848785876
0.28676185093656736
0.43041406456311493
0.0041956003716123735
0.39104292007013997
0.48314016173344876
0.03974611455552801
0.21158686492079481
0.22840226567461708
0.06086221618431009
0.2416555937252879
0.9661084507850465
0.3185319645314848
0.9051561223557572
0.34464555818045206
0.3736441333083742
0.17904871541327716
0.3219597482320168
0.4662912524413362
0.04139275690328881
0.402729430906943
0.6148008382336385
0.0005404246802857005
0.9910491723297405
0.4762789131956848
0.19681049338083623
0.6341845684360078
0.5383476091259606
0.3705677998459882
0.6584883107484014
0.7082501101654545
0.8886739903850037
0.2798340862480414
0.23126456714363042
0.24843268962526277
0.8900097150566904
0.14482236786526026
0.8439223003339785
0.4015547501851702
0.8828780824244811
0.9250382712134307
0.36908593614584706
0.23661712557845604
0.1767834903114055
0.8538641314903965
0.6792181412756617
0.4618297350271189
0.0547430537163186
0.7936854983180601
0.4250836117968494
0.512788874137966
0.29317599870561406
0.4612286676139934
0.8003696121611993
0.5680883068450833
0.9538835197950617
0.06846186816962974
0.5186199380224117
0.828416389587509
0.8884131212061986
0.9503196406928397
0.7229797166776397
0.7495524241610955
0.00978028756808813
0.03914809017771104
0.6038208372376807
0.6188164375166609
0.009444921153066166
0.9854176188041128
0.05190509986218528
0.9733346802152184
0.9393301639489244
0.2311293630239185
0.2429008666842476
0.867686146473313
0.7960134118432591
0.01620902134324076
0.12475329981315597
0.7022499442057143
0.9762836441414708
0.34713334217267666
0.6806236573429515
0.3168592201720669
0.8160976176524126
0.29078860556497554
0.8642618891409434
0.06789872153221821
0.6077997116049699
0.6668491506900057
0.3936265988067288
0.7284032861919313
0.11303946699750811
0.5805035801335245
0.14249343554333116
0.8900652419041193
0.04109885255200085
0.6551680116411288
0.07154474379451647
0.5727644075642199
0.9923248888305978
0.46185438913743493
0.33575366251790884
0.5759261287694655
0.606982547984577
0.964599762081025
0.48485795796966025
0.7361777132807511
0.9583035918748323
0.5874064840041137
0.29878286071417437
0.45396933795711225
0.028801027630910303
0.6895156582394985
0.9880016019696155
0.36769118158018577
0.006633475328058913
0.921349679352901
0.7160783702530746
0.4113829972405235
0.7620322756939161
0.7340989038151395
0.10887996627674024
0.05325203906324205
0.5616576221655305
0.5086539432542609
0.6198065355055664
0.2879315658673206
0.3442806658038784
0.8238045814834644
0.16302527221408347
0.29961159596237985
0.06917779039667105
0.3926073490741757
0.6143508474496894
0.20337266958848366
0.4669434254114435
0.18804748396650917
0.03112677448383505
0.6970364298704741
0.5524485242292897
0.268169144882327
0.7838158911656682
0.8125571763851759
0.8358153249621066
0.5403577896749906
0.8962485965788832
0.09706055722764773
0.38656263692992343
0.8057948136590488
0.03898255780430948
0.9424289759052858
0.40959640416540477
0.777617875930668
0.6798317917426037
0.2723173021445513
0.8938159185791686
0.6805934682244565
0.4990714629855211
0.6462602405340199
0.24468884498278287
0.9625380229193736
0.9501546664293139
0.2444748354098628
0.20139541829299035
0.0877892713987769
0.7511563103410983
0.3525382625990128
0.07014454094415612
0.2206975478106955
0.022595003682947423
0.08419251983156184
0.4984997606189465
0.2410402199903653
0.9742903525752797
0.29778145622935637
0.9012747802495269
0.6250962867682778
0.0899227445453521
0.0033866612288291353
0.25916743108337315
0.36674482590363044
0.7601312276667507
0.49236489323471977
0.5776818191550851
0.8691172242416608
0.012467802863830646
0.022761014447248984
0.1437305733041282
0.4420774563435621
0.13831738802346705
0.11793055282295672
0.017973405094224515
0.1719442891690225
0.811572390746589
0.7164767818546016
0.2784483071264837
0.9159543972363696
0.7233038667303896
0.10291927679910129
0.9874054830014578
0.8535814722223042
0.8704868950895085
0.6474531951899771
0.8801562266634756
0.43408858474253853
0.22671628714341974
0.3962927746525259
0.6606537716893851
0.6571190085048594
0.3589147430832278
0.6704689932028773
0.8199835829678639
0.007178853314237177
0.06823268333345334
0.0632336383042057
0.2551156736427932
0.9187449801968766
0.8012537834079537
0.8337459905720616
0.28423499542933506
0.8147801371664567
0.24030249168205053
0.15477537773682426
0.11760456484943738
0.3617369565559635
0.12390511357842104
0.4977714494698374
0.8744309889200877
0.34410987713565466
0.4234948990218822
0.1922566324903222
0.07736389424672874
0.07315668702736033
0.7268182210175986
0.42069343954197436
0.5192734282098612
0.3535241193902183
0.2084117962730475
0.1930224546814946
0.6339971588462806
0.026704421325407957
0.9535128743839197
0.13764496815778093
0.5317724672323758
0.4904129972180977
0.33917649954755424
0.8297359532881736
0.35877327846436746
0.8408915745815086
0.5800403566923585
0.6276440451772695
0.4180023572965873
0.8673252425594989
0.29526190726668833
0.8177931453738179
0.07667740481671537
0.3160117345322878
0.9190943224358255
0.9628380647484773
0.6999979503732453
0.12989302123618574
0.46894288952263086
0.9578803981890065
0.5585837743917985
0.5268412425661065
0.13568464950166037
0.762808347352779
0.8425847516268705
0.0029701959806386347
0.3063973374912242
0.9077792982469334
0.6555645023935432
0.1454806553732697
0.4996484108341055
0.8481826493863082
0.1804945801271881
0.6955814928870406
0.4753964622043918
0.1143876734365904
0.430832553480052
0.8440710879021918
0.05551825962079304
0.4560335299898476
0.16978487175477197
0.7192023111638035
0.5186256818168178
0.40427269872178684
0.7612651174791016
0.0730789138266198
0.5142899745999744
0.21197457785482565
0.7988397442623737
0.7146993480058871
0.8041621438252811
0.7575934184128034
0.6702161267544313
0.8183734078088487
0.17748258662566652
0.056276792291411026
0.7792483799005973
0.7830681298869218
0.4761183135632264
0.2864685204192815
0.708477448244317
0.3267587128657231
0.4674317155976895
0.7947210722213185
0.07375282413502582
0.9813221063548286
0.9307004802452461
0.6775512183897988
0.09006597109011061
0.07723171641085946
0.4585657133211083
0.5747794715540856
0.3601962431737493
0.9148823648814144
0.8006811901489648
0.14153802392648174
0.49273854305784004
0.16790103212731589
0.704175777597681
0.3518909728841474
0.2887017366461103
0.1080204917564398
0.9820069874488252
0.0900543985264135
0.9575450302932443
0.7376020890148268
0.06569193463272793
0.8583421294779071
0.1885410334359081
0.5726522916821661
0.9131134164240557
0.11270509667865147
0.5059666104683705
0.08250229656861674
0.503623295312919
0.22911087221363557
0.8100645315790121
0.33559853491967306
0.45203213237337647
0.4453038373066811
0.04822547377724362
0.22667828691218272
0.6796260476585828
0.7590652697006607
0.5403881327419606
0.02423978693850881
0.6615679209539694
0.29045179284406764
0.9760691227967137
0.16871458476099277
0.19709417438888066
0.6457609585611679
0.48189106105653556
0.0658334600739573
0.6903111602713013
0.4664396333931802
0.7851657242923216
0.11335152223959899
0.7274225192296798
0.18804212060613323
0.9699106964314268
0.4734600973102576
0.9566396416047207
0.12327103736873635
0.7907769952827239
0.8980163796484785
0.03483435313160932
0.1811612453641891
0.36784725822042075
0.4355193507813444
0.7503423128671799
0.6838335789275914
0.36863415052514914
0.0806145560269741
0.2991879141534791
0.1363182651719117
0.23514474317117406
0.5582162419414862
0.341006687902737
0.3773985479636385
0.743336430723138
0.4507132221635798
0.2128188068121084
0.5778457094458139
0.01720441389430205
0.7443518583174698
0.033054876878602535
0.23648692358527768
0.613735134169137
0.7717430821036179
0.08994990051138763
0.31424601136354047
0.41431228410878496
0.08092782589919734
0.2535100855309207
0.09775734265914615
0.3765526067652375
0.3219186404866533
0.9332908252767239
0.726589042778042
0.023799448968839565
0.3387852839491383
0.5759212166961895
0.07313831737510579
0.8266634662311579
0.6514822335471544
0.9830264136790732
0.8922164472932237
0.6271065986555413
0.11878846037993429
0.6858944687134634
0.4115669920468221
0.5604926911006947
0.6607236950880317
0.7634384898117261
0.13453619415173912
0.6833521383127855
0.5988138199462956
0.665790267151984
0.16334635481956572
0.868385977335751
0.10465459398404608
0.7828818802365443
0.8950327871876143
0.42026952051359934
0.6151278341087189
0.06844644575948333
0.7969046720727391
0.4289542409380459
0.0059231980237480775
0.42530835807351675
0.2686146766415368
0.3377069630989469
0.8438846752389991
0.22084779781300157
0.4334524563897595
0.9342736250375739
0.25285400391801494
0.01592966652989214
0.31234714169127187
0.07789756084844357
0.00123023922226706
0.13037716585889503
0.38001545349557597
0.5719184060270999
0.12224819795103103
0.6559676022589405
0.8312165431378432
0.9287205395928915
0.5289012437148792
0.6360318516989774
0.0035574290798460195
0.4045035078553758
0.724148141390476
0.3009915539990621
0.08813604087400462
0.5866510665446992
0.9295732873111252
0.49775374410446116
0.7208754752928602
0.8697250551639188
0.07480224723526341
0.1595869856554183
0.9329415305081638
0.2485836756774299
0.6476407596340673
0.8312019251907489
0.6103591828390532
0.5209783535395399
0.1460735851429742
0.5891452862502379
0.42777655824979277
0.5949432218197828
0.4903280055997943
0.9202065917377547
0.7835974804596723
0.331262611407907
0.4612708759787887
0.9479118682006363
0.06191701270749328
0.8185267799903899
0.8303099182154302
0.20586666977219104
0.5716679700611195
0.5124219316093223
0.40767338152175303
0.25311065625408113
0.8173098973432346
0.6815768103165715
0.4848687452697651
0.09030454570837587
0.020019966544119083
0.8224127771614885
0.5103442856620427
0.87043980905973
0.19876863577781212
0.651572230298876
0.3637214386228581
0.904816940291225
0.7784144002622798
0.49100542977731765
0.9846183451968773
0.4777974148288018
0.42854827694840025
0.08076990712774024
0.40963725955305186
0.5190509453801615
0.044437748343022276
0.22863533843539352
0.20238567352560977
0.7974035926710529
0.2526008862677699
0.9473366749669337
0.6024925079161332
0.27735395969135956
0.026618591403971048
0.8234636793398759
0.20773938577192508
0.8842751166829463
0.7801652222247115
0.6380466985456092
0.246782811112651
0.020471458381408625
0.7349456839177353
0.22391866722149756
0.6661331511532785
0.7667115647772819
0.737010332248474
0.10386850749551191
0.23835721511118046
0.4789389584644136
0.8169106163482566
0.6441290708531496
0.11781917897395855
0.9137212575635966
0.30509002887963677
0.38516958820782987
0.9912993866874009
0.8605608112791949
0.0009067949194432323
0.27397487856075775
0.7901556943337886
0.9555068554445068
0.3195645723336499
0.026525745786159072
0.7387595057061899
0.5214376257959427
0.972421428330771
0.4699400759583715
0.856578398261595
0.060077533765800606
0.8197468150022383
0.39012584680021856
0.6812936393099431
0.843898840170853
0.17907409094821913
0.6764443679510393
0.997506544477834
0.8544357613120229
0.24576063630901923
0.9846871390708757
0.17519872526528135
0.10128945183914573
0.5642602791741476
0.5598281802023948
0.5944149902241219
0.5593092559661335
0.03986138734061806
0.2138975393190652
0.16946032003984424
0.833414709555068
0.3405927424547798
0.8415184112766161
0.6188918165347046
0.4843389887672299
0.9682097121565176
0.5125708970280979
0.17899329071164394
0.8857257826790167
0.8496427205320908
0.8119167079804347
0.8854574195927932
0.8264200081631021
0.1532182134595892
0.15882679243761377
0.022204235520991378
0.44503835870158526
0.9234961635205922
0.06520543948595836
0.902053452810529
0.5491946224766909
0.4229201209589759
0.5529737082106403
0.7770549879301867
0.48823599222265135
0.9276346964448979
0.7100855741749226
0.06345130568170476
0.08896090551222968
0.4992829467255694
0.030037828046305615
0.3506950849774928
0.321659911762316
0.6676682518826328
0.6040188122434319
0.2815058441358512
0.3605663751963266
0.2524850442024179
0.7621025916818706
0.347957990217576
0.16636395351602218
0.9333110061261912
0.24932212653270613
0.8253067331322415
0.050450357250177325
0.958172594686286
0.32403663751332734
0.938907934771019
0.5040892730613735
0.5956602189298371
0.06179673367063376
0.9905035124561651
0.9119097492882067
0.8278514177817243
0.25280012933196294
0.6318921996268183
0.5429733095845448
0.9339138368695729
0.5407935256028134
0.5280570275580231
0.3432838344676451
0.17632509319726275
0.3785854054326613
0.6693268779903242
0.5718791680385021
0.8921435712809798
0.07096296504118338
0.8127202944472826
0.6355504604562199
0.21148222094296698
0.7598670060209095
0.07163821749777433
0.8309152931703031
0.7020284242708416
0.9990196545739798
0.634741792672002
0.3438899384686013
0.27830074520470294
0.39733182887305163
0.28895082480569123
0.9211307533571146
0.4948436019361846
0.2889348985495025
0.7983939524406073
0.14179234470541224
0.6353743232317054
