0.7318857015831025
0.05054229758303286
0.4104390686888004
0.36894542665224717
0.7093671210846931
0.5216309066454868
0.5465565187591486
0.6530624752128927
0.6964616146058035
0.6835789447385398
0.09295383515022337
0.11149493327573579
0.4087119339674137
0.6037539110329161
0.7204197410533855
0.19670333238108917
0.2374386222340571
0.491731446777405
0.7711036989932337
0.08892978319818101
0.7244876605393064
0.7995878618363339
0.5304636834101275
0.38304676738644394
0.5334060903168629
0.666073004566958
0.9209793622857536
0.44028213571681407
0.5389496015195034
0.1383516433322547
0.15957527583144304
0.22306690600511148
0.13782951828228207
0.9503236916406282
0.4530586278289871
0.15856682515650722
0.011909137664621872
0.2949736096003084
0.4742648849202705
0.41137602965271136
0.498909481899665
0.7780283633766782
0.3213086494147571
0.782828656908757
0.9745787195272316
0.6202475193233267
0.3785356063115126
0.5488771563713901
0.23569309733842314
0.5534283435739765
0.24332899134349895
0.39273125477254944
0.9110432325094558
0.7990678620786322
0.4592635784937006
0.41270140196790484
0.7854388216653371
0.5078489575604693
0.8503742858977628
0.19123631296252097
0.5368785909112623
0.5997697927021776
0.3359000896090467
0.07738862843431982
0.9710441315687409
0.7702317327549559
0.20177494798578555
0.20338259089673794
0.05647693552937316
0.07039280641864998
0.6552173385442045
0.8261122557005955
0.7516648510525017
0.646621919115826
0.12552678106653492
0.8552465698089015
0.7555638297649776
0.8325103788803913
0.8085897852041339
0.24897383015366592
0.08906904039026098
0.757279735288177
0.3983518182563256
0.5420442659352217
0.750765321014836
0.4236852112802324
0.8989854600273408
0.07600094408276858
0.7345325744636352
0.1336107341227053
0.31398489048902245
0.1700409527917195
0.11561671844756782
0.3659929019049174
0.8030557299788109
0.4619600711441183
0.06582237493441956
0.4114540235290125
0.9212102663338032
0.524425136712944
0.0099528763262976
0.9208137643846123
0.5789884134460485
0.8395634449611912
0.05370214672792384
0.7775011859135742
0.6880351301426757
0.8585872733434033
0.9547931347151609
0.8620817712755191
0.23258618083045768
0.45064512450908234
0.5251405859487076
0.6787037808248702
0.3553418369445227
0.1493922004442304
0.9716529320295242
0.4973864851891895
0.0030810014777731265
0.26219182808735964
0.19532838001008823
0.4717962364383653
0.3582534394334971
0.6246115951348784
0.1563918506233295
0.03768222362857376
0.4219784689710203
0.26024406970156766
0.98140583244846
0.23110531316316463
0.6059237530296626
0.9385013455983542
0.2124729613531955
0.9917430134341411
0.7041652232973332
0.35266284143770044
0.205269753205493
0.22795371364855477
0.9652539311481408
0.6605405022748391
0.7313081699140045
0.6289434830549011
0.5444167317852202
0.5479477666589441
0.2568754236936196
0.440689315301367
0.045351732692265556
0.9728635735133617
0.7019746937842607
0.6073781042326261
0.22245137163903228
0.8902217663695662
0.5044648834950777
0.6067991909048496
0.7761156332217137
0.5062546985339846
0.279834029826299
0.07295414532127453
0.09570372765329194
0.08543049153141069
0.29084475828974843
0.40007249272744405
0.928763240083022
0.19255785770696754
0.9968477081059566
0.508150846196642
0.44632463454336446
0.6539769712797979
0.07724313531013582
0.032452463648490526
0.6585616180965402
0.8093122076236897
0.26048293147145696
0.9820206985150931
0.9372818923270742
0.16298861815009769
0.24629794119295978
0.6982045417892653
0.23267146642170522
0.7454904086886242
0.655172219205545
0.908847595348198
0.08038311290056166
0.4042758783092031
0.6286760922227697
0.6020274959610018
0.8379324348159517
0.2230582712043453
0.2676029652264116
0.07519501880435664
0.4814126805472617
0.48986773761342683
0.9898276040908742
0.5534561799405292
0.9235136728822058
0.3889252061645967
0.7100444678541227
0.1538044323761426
0.44305028172719507
0.7461981687451835
0.4316425982185005
0.801566372335968
0.2286834064462545
0.6934036197711303
0.5700777375412142
0.75877333353934
0.5907922210311312
0.789115087107433
0.3341411300142193
0.17653712935089083
0.6255158945577729
0.32301838475001543
0.36007302077576686
0.5597042238304454
0.7804570288201351
0.8921401564251356
0.09697397552554665
0.15015686610070056
0.8835713532250012
0.3303834355588634
0.8804927161923753
0.05442186444134489
0.3796848347810956
0.9808044622300641
0.84785570829088
0.21207811486831973
0.5605739204663781
0.5774929688662307
0.1513461282869012
0.6960504516875792
0.04329975367459482
0.69208245899079
0.4750503015348939
0.04915494536900855
0.46456926224765005
0.658620692416291
0.2127551088778178
0.4728341173822155
0.10843706251053509
0.16142240143745945
0.8438608659631089
0.19857956777830266
0.6054841999990477
0.4450568157652822
0.9541014891388104
0.3935094006829698
0.4089466540716741
0.29840357751896995
0.013290676814949998
0.2322519163717005
0.1501218779485649
0.7687359197966334
0.7908781839841242
0.9403500946503106
0.15525440196338458
0.6762391358206031
0.7135627164052976
0.7540858991559461
0.5210383378868787
0.29680716952049946
0.675297442805776
0.7769939369381913
0.4362893606443974
0.09847909216187589
0.7931537168837925
0.4035257610989731
0.4740245131863947
0.23621715991415815
0.23355924320146804
0.5589026818065538
0.4689738262689852
0.8553590922377505
0.5942067628629434
0.41268019122294697
0.35246753948777654
0.0614447219839559
0.155372650232234
0.9517105452599017
0.09041707304521618
0.5051224021842959
0.9147213157476932
0.28991554361181326
0.4627714612969186
0.9201235887455304
0.4252630751823795
0.8675385114253649
0.5923889022746208
0.18808840707582064
0.9149039734346359
0.40340896479050614
0.5984236001251808
0.6157475630353513
0.5881592668521602
0.782977679823626
0.8846173790868596
0.524478551115756
0.10519834285822915
0.9040103266075504
0.23543974234807963
0.9258804005900947
0.6664788352896508
0.6501300724202536
0.4656690413930775
0.36197483645396367
0.5081468546404435
0.0370044171009698
0.4210209264106177
0.4746030943470525
0.5995903002552796
0.3729803620174508
0.9636462210365316
0.430403209004358
0.6718696409798022
0.43950346825382647
0.02302000910925428
0.0701244523904051
0.7609602071822155
0.4747193064344848
0.05284812973709341
0.1481150272698447
0.4945903458851695
0.9367532118054676
0.936555782644922
0.8560546874840252
0.09090901719921562
0.41250192606020686
0.563716030323498
0.12446673301330113
0.1932430188288935
0.32269032187117386
0.756087104242965
0.5426137404392865
0.9645858554328426
0.365074777096287
0.7341619360267745
0.4873869056750878
0.5223890341715162
0.29833157769869356
0.6214756914958778
0.6917030205865144
0.3900763232095129
0.5277397753841843
0.9171854458890638
0.8306633454223654
0.4609491347235809
0.37392077372044197
0.5012054179775208
0.1546297609537619
0.414093282343441
0.7997683568044875
0.2268673824710914
0.8502964202363373
0.15545265884127912
0.5473749771757761
0.8872284685975463
0.12577343804090857
0.054779703027768245
0.3240259799141064
0.8449405053564889
0.29864430342446713
0.49893072126351723
0.3202318098717054
0.38192334631297387
0.10736573690234663
0.013955870466319076
0.5040343124311838
0.2677459173791441
0.898873389829239
0.013959405071272468
0.11616859179598882
0.2011810431496951
0.44953526044169323
0.6885689827211783
0.4219692743776038
0.06311536573418641
0.2869782068922839
0.40229843540222476
0.05999714924638311
0.7888867951042853
0.6003728247136599
0.1717887270367109
0.6449832873351212
0.32255988642946465
0.673965671779391
0.9609857562552963
0.6096978909575764
0.5759930678016391
0.7016645905704898
0.6119141273788935
0.4210628125068031
0.6862687884889638
0.033426080896834964
0.9999590849137812
0.5126038655085267
0.7082095449739988
0.7843417418278803
0.2146327917677292
0.2863180458110518
0.6700523647013279
0.32443208999040873
0.3736768728220734
0.07375927225169432
0.5447404963045172
0.08236307955002109
0.275070684698528
0.3268891609706227
0.113561033587263
0.03766994519511435
0.8378550277111687
0.12928804395155757
0.26259601325429416
0.6508328881571422
0.9739466363531808
0.8172946592969486
0.053746815589859276
0.3956415462249846
0.005572536722331489
0.28179432215961453
0.06162291188127622
0.31636760069684644
0.25795655235418247
0.4790969722413112
0.06194664619667689
0.6889584233152293
0.1437229672349063
0.9333026470611099
0.5389338374750676
0.7443963800169335
0.8044774606898468
0.9894965524285293
0.4514878587662622
0.27449542330395327
0.6108243751492148
0.2569453827718612
0.26591976693672326
0.40298967505020244
0.6105470530423722
0.7053699201513225
0.9539347892887481
0.8491689215166461
0.8802723276878
0.5517688780455537
0.9827873199371421
0.31474492376128627
0.48135882274989794
0.7476336908835401
0.07247839389543176
0.6876561410375622
0.7485956885487984
0.3867973975967527
0.15219092916881205
0.2105236411065391
0.8852318587518717
0.6877620359799946
0.19873094118176138
0.8486384778909862
0.030524838552346556
0.8783008185807496
0.12331894532741827
0.5051542266468302
0.7091596587472222
0.36360358967663997
0.016053794851213055
0.6957268737451625
0.007429404095532943
0.3891752365807837
0.027717280210004636
0.5296970776173413
0.3036580668725104
0.28073849913426163
0.0682218860547611
0.4101501965822284
0.1650111676000502
0.5108914062895215
0.5957117950948598
0.022838325259720405
0.16004670314365188
0.4876503289608135
0.5535287739235918
0.06347391510485278
0.4951408102831132
0.17743556145964368
0.4876991154651187
0.5046177409527466
0.5072948535635082
0.47925982586009264
0.8181434618377816
0.947934271138618
0.6232178583343824
0.8612207032644444
0.18428020977226567
0.3821441643882333
0.651697262376617
0.02837322457196878
0.8536197117090135
0.4694603581857343
0.5551947097448323
0.9307357184333727
0.8977366480371368
0.5900024048603316
0.34079295489185957
0.9732729179899527
0.1919536893387569
0.4269621745969233
0.11758037278899403
0.6061756600052292
0.4688268130702644
0.47618505047697635
0.6707684191551407
0.7976968170901534
0.32239904212913484
0.9743763359727597
0.6769847064800757
0.40208547692086405
0.015290917102599444
0.6557596866739226
0.37112831170943983
0.913660998518421
0.03769402573001612
0.9507881864095056
0.5453639440881153
0.8371692022942457
0.6180891985493215
0.6155540787146957
0.008236315227005964
0.9592442456215534
0.7694182354912577
0.8523312291066891
0.7787559188774259
0.4095230888689858
0.48093289465555444
0.2768301365674054
0.09827286773247779
0.07787137252443177
0.6465462157450735
0.8570398043033038
0.04646973375571917
0.5767596099599293
0.09973910314345225
0.20240140683898877
0.9482917006633977
0.11992960449406131
0.9193777279065561
0.4354381723415661
0.8526817401085394
0.5535409964041113
0.19690537466388258
0.7469182923838071
0.4091897801566394
0.20012100892578155
0.3966464524454866
0.05459016211258516
0.6218248143254722
0.2776311572295679
0.6502885086851133
0.25219456427480547
0.1510252319504728
0.4014688492542525
0.4100906571867273
0.1135747081401991
0.2235996194019032
0.3141837433549779
0.5468716097421416
0.8011712463589322
0.7639708296666855
0.3338339772641825
0.9736080744996493
0.061037269674576344
0.5691365611992926
0.25291903340706956
0.034645789936793014
0.016739214004459213
0.9583216433257461
0.03584436458906015
0.6316636811731673
0.3942000693477504
0.9974791393953183
0.04296774524365521
0.10427155485822315
0.4225746740486891
0.12841624281727615
0.9243084277133499
0.2267076015889654
0.4982424036823453
0.9270419486307657
0.9968593064509718
0.9056869203649685
0.6993818317278868
0.4662588120108552
0.5625000429080727
0.8968362720808313
0.14184794791139455
0.5939956628591804
0.705794196247075
0.9394688865651373
0.25763777233528773
0.8503135960020861
0.5438968110722961
0.5412051052680806
0.3122815044112064
0.6112128470786026
0.6376551799473121
0.1521955115214525
0.9384473768511444
0.47401107032145173
0.4039522812424162
0.17570008065896936
0.9450785363544048
0.010725079520698344
0.7715959258849691
0.9729432540874136
0.18100073322133636
0.6906077683473313
0.21208317820438316
0.35795092837028875
0.683262845349156
0.11723660171113615
0.6784532985143394
0.9008954217532084
0.743538695015676
0.5767261401568919
0.02002204910568106
0.44502263430440037
0.24064423364193366
0.30723775759589256
0.43801603587526283
0.7366794061230715
0.8775162922124172
0.012894192137161808
0.7060971492859772
0.8537724236835977
0.5992876088223547
0.27809227266333314
0.14271114357362802
0.8387747667496456
0.8867488217320738
0.8367360425277633
0.7250218732269474
0.16188529303573462
0.25084835983953013
0.6949457291015934
0.5648217448285787
0.12254796225278264
0.11100614036957457
0.911718592805728
0.697223554014157
0.8970575681550916
0.6203623145911183
0.06661047991049462
0.5964283640763766
0.7498287302311176
0.54000560908736
0.4523021736545362
0.3530623573241902
0.3911057190315401
0.7014697803121883
0.5255604658230566
0.4468586532731601
0.6744392520293473
0.20811912712414382
0.32340517245286304
0.7155105557425193
0.6589283592708984
0.8455678096968483
0.08481718067403932
0.09257426611199715
0.34212928749768834
0.4701281949291892
0.08919835108511576
0.049860611327267046
0.2423150365854818
0.4383011439994384
0.8358954163662067
0.21177715862395097
0.849314082195486
0.08760844911049825
0.3559040856458463
0.38398694425972757
0.36090862194778794
0.9384143180442006
0.24519841623323113
0.9736008351489115
0.8025776441060297
0.22953440172653294
0.7999594522668866
0.08209483013642027
0.6501613425457711
0.8246713819989873
0.4518764414264427
0.9014062105197675
0.5171283160260711
0.8371441809944528
0.018748975522972944
0.5923814489387451
0.09366631044041751
0.551753224580351
0.549279587098388
0.6800789611972325
0.17610177072821953
0.3941130194460696
0.23039162978503813
0.7014339792254933
0.03660675499334742
0.8790616811083654
0.5589986887879024
0.8757647952661733
0.35519469968922823
0.833480455575826
0.5089871531061944
0.7752850983350837
0.5526926868027123
0.3608197123559398
0.6493254211394442
0.17453271728441633
0.535316421985235
0.17259689185137872
0.14551513263078508
0.5406891457212013
0.9546710103867262
0.8027662859281909
0.6119667421991876
0.8340885480224224
0.6447870952018543
0.17155120548159375
0.3586587396004466
0.01646860026293817
0.9745534647586686
0.9987467585564925
0.4811252504527218
0.8827378036909352
0.5610357354437099
0.3251637250722752
0.4181590806368686
0.20279186227811152
0.1844495948723497
0.2341448907546222
0.8421742095940694
0.8291419591879148
0.9540678553680733
0.5802051769113252
0.37319113909781587
0.6000868396475645
0.9422118848601181
0.4812208582742661
0.4177853851299793
0.4146120584820998
0.8499866416850353
0.22083319190286554
0.7394410659080188
0.10062944501106474
0.6029722020607006
0.6684452822831363
0.8960399760563766
0.3968635042658155
0.9728821817961831
0.9053795911901757
0.029615580904577166
0.9412897146787789
0.4033100352849578
0.216896817935044
0.9685407677077156
0.8333693071689131
0.5200833656206941
0.12893656402415865
0.42676362632442355
0.4694430816362497
0.3240053212375913
0.3166309271738905
